r,q,KL
0.8006416751127448,0.41522193064071156,0.07513437034164247
0.7967770116770492,0.34914780471761947,0.06382491651782754
0.6722504840827082,0.06385375314369202,0.01056347213779743
0.20047900387353076,0.4546661659115581,0.022066388544129782
0.8260197604525852,0.3014532795996775,0.05760128042907609
0.8955020561650355,0.38907675329060176,0.07847948907079359
0.2911454941166193,0.5402978193333678,0.03732502248202381
0.26315349654934106,0.6835896920722179,0.04239163575079992
0.7444232013696782,0.6247523771782292,0.10149237178721068
0.4974964737553804,0.7427044538885718,0.08262081737148867
0.3726565199545427,0.7121600700271655,0.061035951039711024
0.5834843563497573,0.4099256071864978,0.055459081922979096
0.532058359884749,0.9429537746552827,0.10840859062230382
0.9647836705990354,0.03094913630412066,0.007382367049548149
0.5624953480550081,0.8029399687936357,0.09886114636993182
0.6362671471555975,0.60204862526199,0.08533629672862128
0.9897426709739682,0.041126231596934404,0.01002588881023994
0.20240046732763603,0.33239941197129846,0.0164136586499025
0.842358825604599,0.3782726447389111,0.07230493842459652
0.9419270385853956,0.17604532780888033,0.039318074952861354
0.6210532419589885,0.9427509786006383,0.12395567137343816
0.7905062982036698,0.16902757697213527,0.03197163310352827
0.6827246042352162,0.4084590140268292,0.06393404207965514
0.8983199919274619,0.8413711617876367,0.1543868094405532
0.7737334365025769,0.05654397175707049,0.010765828262101065
0.6841831817415986,0.9467556548211854,0.1352202795433322
0.7888540717633042,0.00827551980767427,0.001626319482092525
0.1452002656743391,0.2711328269133663,0.009689842127832634
0.41558818641891276,0.6469499687949831,0.06177369672311046
0.8120125436656278,0.3760728093181848,0.06955743247626192
0.9095248378392946,0.32933638395438253,0.06837346775751243
0.8275801189411622,0.8180833002357809,0.14057064833124844
0.7311362422540526,0.8167421386329413,0.12615704850316395
0.29097588617036013,0.07272101686450151,0.005240247690026662
0.046854019804466615,0.9625776575928219,0.011075490914424896
0.550868149065355,0.3437079444285521,0.04452484477831467
0.955247518429004,0.1774960727246615,0.04016091797495504
0.9201943729838199,0.519751464912526,0.10427354272123933
0.5969260434960046,0.6221285101363628,0.08300588106051021
0.9937746907985481,0.016789595586617412,0.004142209796240875
0.1806907852643584,0.7668265518946733,0.03305802886913532
0.00030629667297384815,0.9168382333656578,6.999265213465589e-05
0.4063347565251573,0.3538217142449822,0.03426089131596962
0.3866860658837237,0.7857072386313312,0.06910937881807636
0.01229865835224424,0.14671926792360157,0.0004494759399374646
0.2796797060838393,0.541728557015512,0.03601417819320739
0.9332345101177606,0.5968611609315305,0.11925502954071486
0.7548932203242439,0.7899008474120255,0.12602628039131297
0.30544288341721393,0.27863227515997396,0.020652574664361826
0.3814145025972217,0.41363351134707455,0.037438820719261426
0.6295368750474252,0.6274678298535875,0.08773795482879407
0.5193053981060538,0.8400823557331749,0.09582450427364544
0.752554670836492,0.7241634885127676,0.11659405637376784
0.8372302814084597,0.529018408139046,0.09728474571548176
0.4684072707998779,0.9640659218589636,0.09876280769661899
0.8341318797370357,0.46875420713038884,0.08704949201545856
0.7574532769497591,0.8111059664320012,0.12924501625985965
0.5712055475546624,0.8652768702637043,0.10698333867712458
0.4801641386165371,0.6298429326531004,0.06884129382358478
0.9707480953530526,0.046911643781830326,0.011199419863438252
0.7553869346606382,0.9814789806272664,0.15154688571466549
0.8031706936281396,0.2847400500176485,0.053217026360230534
0.35829924696236043,0.6292731697490501,0.05245123686561011
0.06472610892994379,0.5810364787803566,0.00925849407997137
0.9226650079450133,0.5999122731322729,0.11854785652754495
0.6843322521399867,0.5352481053616508,0.08200580010854287
0.7124660475166796,0.9957771042185511,0.1460432551672567
0.9009959461299583,0.501946084696926,0.09920625100223605
0.6787621556002732,0.7710225764025076,0.11252011708047394
0.2944959978073277,0.49416177862830957,0.034654218019328324
0.4734600478400714,0.9304424976796658,0.09661840615456524
0.8083564431687976,0.24588538364043314,0.04663603734883925
0.7343570821718006,0.3094383386435249,0.0528686791105337
0.9478582823489965,0.39107965103889714,0.08312982772736613
0.8213231369055638,0.27027173239930985,0.051746031394266034
0.7497236488551763,0.35001494942861383,0.06044475634208986
0.2709446774589529,0.9362296910896857,0.058511041367965984
0.7252640311559873,0.37788421583673415,0.06293513673366656
0.4840382228265681,0.7746492087999102,0.0836933466012231
0.9682701259424443,0.04056724038965409,0.00968094421258268
0.9715170460699365,0.015461693608692763,0.0037315729571820674
0.8448245952362752,0.3444788494230872,0.0665326482910388
0.7058925455776854,0.17027339074395792,0.02886671911243028
0.9934980118789051,0.04904776563115498,0.011976665362450692
0.8952275181881093,0.23502623932446923,0.04921828830420466
0.6920553087636805,0.31255899474578097,0.05049406424341494
0.24260482539165862,0.7171667189314881,0.04107803441831819
0.01540412650044264,0.16822204457615245,0.0006454454865857555
0.9922272673412409,0.020490361383498912,0.005041340154612026
0.759846315524092,0.08399530626623618,0.015604656967139547
0.6105250539063127,0.5065685165811586,0.07028932575760885
0.4387938852457155,0.34200577130186505,0.03569128977308844
0.06307340576772703,0.962418028175356,0.014833201133292952
0.7753459052348417,0.5197848442349879,0.08937453147134228
0.931592355524714,0.20236117934984496,0.04439333415264994
0.7913987404972043,0.25730419990436293,0.04772405313212739
0.7076370223512616,0.5503942606016509,0.08666287316523993
0.17476997967059674,0.8482275465333355,0.03526154839610519
0.7473057154424191,0.3371506764773022,0.058225878486280094
0.1720816178819923,0.9044097241658194,0.036939833221915776
0.8075007508872017,0.4034370552512759,0.0737638238801226
0.684157704449797,0.18181609656806932,0.029834826590418424
0.12457380522105359,0.8603879123445121,0.025816387317159895
0.31179543026587225,0.9070701468753625,0.0646998677083294
0.9456657434734468,0.30174797543567555,0.06544088708940657
0.8742198229792054,0.3551981042389819,0.07064410982040426
0.011931086304376021,0.7535523761658924,0.0022348147267348046
0.4483776632117885,0.2683421132753879,0.028881914180617058
0.3122276929850255,0.7894224036811953,0.05695874821580491
0.9265356606754676,0.45083989434581984,0.09250034231159372
0.11491774153154805,0.9549361640684995,0.026410584131187888
0.4238468800944559,0.41140078086737386,0.041171228325085595
0.3797964989099497,0.9396418119783944,0.08001599966407243
0.8811809566396315,0.9267486927535599,0.16458117363291747
0.1929536082908427,0.7155717419428654,0.032944973227841665
0.9950342331237009,0.019462110803344146,0.004803543148633393
0.17741434582922416,0.7973993000554287,0.03372141847512437
0.32676145767863335,0.9007551884531134,0.06712001656003644
0.7494070044627444,0.5238628197795624,0.0873085877199236
0.8638511333187393,0.19716268890848357,0.040308078656395026
0.5983156549342701,0.9553145792212376,0.12137548413483873
0.043962950061961034,0.8919016691830425,0.009649172229306235
0.06181197234330397,0.27863302551894353,0.004268672811274239
0.9178625761025069,0.2785342977793757,0.0590702124561071
0.7267097795753721,0.42199957484726275,0.06978251136865479
0.9843649674467757,0.004077724985988684,0.0010009871880796914
0.8718598099448135,0.3089237677451262,0.06196745845650991
0.24640354599195782,0.9517540164636143,0.05439126887531646
0.4203434747670087,0.8382047782684795,0.07909774435214016
0.5609315588596255,0.5351282570976041,0.06836545070469535
0.8255209963664866,0.1636792861972482,0.032316768129831135
0.8121677806345199,0.7490629423830294,0.1282551967934933
0.6195536529490148,0.946081871171637,0.12405426423050989
0.7038425627542553,0.544182012734275,0.08536801316871107
0.9594907281053829,0.31084697644753156,0.06820361995287577
0.9990130599587245,0.0026687182800193554,0.0006648148236699436
0.23960736124765136,0.4213822405569137,0.024371615629056927
0.6114163142986884,0.5718626518523574,0.07857811532095786
0.6556299200986501,0.645126883963995,0.09326546386566778
0.17151976449530087,0.919738653068863,0.0374173114293501
0.6712256810179534,0.8486101948309775,0.12112051916944744
0.6782262658886966,0.6993383361726823,0.10322078584954197
0.21296239826882468,0.2446749573262514,0.012774242307568188
0.9306903532906277,0.12927212902986626,0.028910369708200826
0.362571212392521,0.7080137263281758,0.05917289075711529
0.7797097793845256,0.19265385969276957,0.035754955181917354
0.9645752046512999,0.28260738742146646,0.06279326872094054
0.08019884353386315,0.7060196502839997,0.013856030824694268
0.7524537043857934,0.06518959778944866,0.012049677521122423
0.2587300474324089,0.3094908579259986,0.01945909956930682
0.34970516239420485,0.8129445546469997,0.06503022478319752
0.8121824247677425,0.1627551056294232,0.031639936783157754
0.8449190096849417,0.9789826330961565,0.16620894869725117
0.9422854847917113,0.3579102365180006,0.07629045118100711
0.9894478204657121,0.001025921353463799,0.0002534145398591021
0.018082448877975662,0.04362992380630637,0.00019660006728614943
0.9601617873020074,0.028871525898551353,0.006856806859499842
0.8857679778591164,0.5813233404798762,0.11117713588974558
0.8246333895676768,0.5754834558808684,0.1033568380016804
0.9780453230701168,0.10175442424937033,0.02407491217225697
0.3713839568541521,0.3286209352650626,0.029277629614329868
0.5777412095288257,0.4084948925650229,0.054747750348892475
0.8628392179554392,0.6572509650148052,0.1208608794682996
0.3789258317333447,0.9344190167914914,0.07945211180898154
0.8808306337940012,0.21682672796185193,0.04492664944264198
0.7530948341110572,0.2796442830683401,0.04924192658813173
0.8245564003412387,0.1983421217393186,0.03877929557025064
0.8852421084859825,0.48425242654227996,0.09456872192709924
0.5137627574348612,0.2692577395449241,0.0330294397738094
0.16158528745229842,0.761199912347947,0.02947893511857694
0.9740528041869525,0.1549001859509746,0.035950126712440036
0.9936390129195656,0.02349008974005995,0.005781662393373075
0.22034168545946736,0.24590719142004902,0.01327305286522244
0.47200908308713463,0.39724871963084596,0.044112035063623975
0.16694877672605185,0.42258888541029005,0.0171919265022378
0.3305768146136684,0.9309936936484585,0.06992856096463868
0.3354638211845769,0.6664321670456469,0.05201835985174688
0.07055682651562235,0.5664905442308023,0.009833401669641055
0.5614715994670164,0.2765346161238222,0.036896133308688475
0.9543317995392845,0.026503535653564114,0.006263214986179999
0.5818874333258409,0.7863135837363124,0.09997189218241725
0.5610497582188694,0.7059277240240579,0.08791955765717055
0.7855353897770201,0.9621093285144029,0.15405731250269045
0.7304650164245741,0.7216828155012924,0.11326393349937644
0.9854242071565907,0.011431790806055166,0.002801841932943373
0.7498357710705402,0.9275036108488357,0.14362075348305933
0.5390762992001769,0.8225291560335838,0.09719611500966782
0.4879086415711215,0.6817147437191436,0.07509978740668663
0.01033631717485009,0.7338270112520784,0.0018859080209977545
0.9588862308170878,0.06819782745709435,0.01598382674002242
0.7874566093304747,0.2570137317306926,0.04744132120976137
0.9029650037843842,0.49997633860063034,0.09904540351512758
0.4699591409684265,0.2882872627243711,0.03237529109048974
0.40748734572724205,0.7579544530815242,0.07017623118306503
0.6169035009864458,0.3638595014167292,0.052262104815928356
0.47777811102149237,0.8217910264598518,0.08721825162064306
0.23429886919887183,0.5568915472117303,0.031209514745113427
0.8981113718238981,0.2668950521709136,0.05561618877304018
0.7715429180832718,0.7400234789561561,0.12146294297416063
0.47537984065033084,0.6627195466145331,0.07145337166016033
0.35549863807017845,0.4986724058711784,0.041819642467639084
0.7520522423143812,0.8082297555522362,0.12809994985425668
0.6803210958869007,0.8732534734100205,0.1255792826625064
0.23379496019580026,0.1408272394265952,0.008120255505459908
0.47099768916821255,0.47351901346724834,0.051922443283063544
0.47170238015234667,0.34584742608544794,0.03866586592797748
0.6683061611273227,0.51266938482701,0.07718249331843378
0.9616412441344865,0.16086518410956172,0.036806479120584386
0.6881592912426087,0.1719978555935851,0.028444183461715167
0.955368205161754,0.3328436727600419,0.07233431875749402
0.7270981863884305,0.22340718948708063,0.03852551134137763
0.9148882565799679,0.012013671768896896,0.0027345566757566203
0.5130878798684871,0.817249973480175,0.09247550632282449
0.2997210306184338,0.8534153282550749,0.05896635371832738
0.5463531586852932,0.968442276510028,0.11349493712317914
0.46891253559489626,0.7187299596698168,0.07600472261523976
0.5316301705980139,0.33842701521959556,0.04242261789784215
0.5548859887686152,0.37724530087469516,0.048936833081003314
0.2753129770442452,0.2278546774288368,0.015328376458574156
0.9324348153823147,0.3361256924503325,0.07131081970993065
0.9266006726180228,0.2540409137926392,0.054698773799699014
0.21901943659555018,0.60414585456393,0.03163169581300541
0.9237214490831778,0.08373669468714318,0.018837056410749446
0.3318045702823639,0.9977636809229763,0.07473793135013732
0.22370602740073628,0.832346124500704,0.04379473921070073
0.9356390113666057,0.03677735766732482,0.008494789206978664
0.5249694420306044,0.5675398131484446,0.06791983783145863
0.6677437903769915,0.6093401370451036,0.09012746325100508
0.9971461810648041,0.006926579514268227,0.0017201431036240019
0.07228010699590456,0.17908387391323455,0.003213146979104766
0.886256557530972,0.15177110495827867,0.03218063421893938
0.2671107978179147,0.20103644564616446,0.013159037013946537
0.4812688695402469,0.49645795342461546,0.055372068706358635
0.5023310605719321,0.42523531512905804,0.04986708224683058
0.07142531586938247,0.4600803048275664,0.008102965441738533
0.8325475672182338,0.6825693717449236,0.12099007777561689
0.09086081736383812,0.3254931620823999,0.0073015746005911115
0.0815305095084236,0.027802777941372647,0.0005647663671612033
0.7275979115824092,0.5034369060644608,0.08202040615132261
0.08953319242531244,0.40157812522740516,0.008858240341953526
0.5185488077601005,0.2501730062476147,0.031059689115404552
0.49423337737420253,0.6441107767821224,0.07214434074768283
0.09121657983011544,0.9023183190117497,0.01997684501264016
0.7453758696318099,0.3910296304683652,0.06660445509739191
0.8331337989373543,0.47901974135907194,0.08863224771275836
0.8233187431638337,0.767273713701059,0.1325036306631815
0.40512096848360635,0.6110468641218638,0.05721201081258392
0.12824791729709323,0.7437336980942739,0.02305496088877882
0.5249420390298887,0.5068844864676445,0.061192759057467086
0.5634305887926274,0.8829757267958206,0.10759408650419085
0.6410736468935465,0.19149781793003395,0.029461228532667305
0.8448098386131466,0.8361902559254403,0.14568376400666283
0.7607249873653711,0.8852335358126084,0.13978615833665622
0.428508407463459,0.47669061343706165,0.047812030208058305
0.8469568567573429,0.5483421898648764,0.10143876152414576
0.9552342649176173,0.20886640923031588,0.046854357313598285
0.3016029720766006,0.7960797313809703,0.055595398718797324
0.9846851109277529,0.0669830006304839,0.016121873437276172
0.3750434261192763,0.9315945151546435,0.07850038054196852
0.7348778481227047,0.3858218939659991,0.06493923072327754
0.44750457492492557,0.6074645263526672,0.062402611623389254
0.8135194140667116,0.05014129507308296,0.010046694516138337
0.15357538471511958,0.47732795270722883,0.017849717458535863
0.8127091266723865,0.3295638093050686,0.06163166962303083
0.7652468340001821,0.21648568178688476,0.03925368823981115
0.910150946491578,0.7970167327366442,0.14926719610537859
0.8869052149049151,0.42089888973959927,0.08351917961420278
0.9680122810350371,0.10318310853110893,0.024154493172030087
0.11623783933423554,0.3690706185502268,0.010546003306611157
0.5221828989924502,0.9148444266975114,0.1038288992270303
0.6415770145736206,0.31359612122321817,0.04715554014329871
0.7125733448724209,0.736208582684992,0.11277778331829713
0.27155084924819983,0.9073890330483317,0.056941501026050716
0.08301174595037919,0.8886019451763882,0.01795299649808784
0.8792440171774005,0.9483208818699418,0.16743410585977148
0.9764269328946079,0.025403921371643712,0.006142282677135521
0.6518455617818193,0.7380385851991209,0.10452341970370069
0.616380472501193,0.6726000765684877,0.09160466221789017
0.5447509482195347,0.6251876404890219,0.0767207193716233
0.16259274468880916,0.6376241879130655,0.025001063225184198
0.9236990498811328,0.1971927359449456,0.04298342353345838
0.6410509264782677,0.6720592565267871,0.09479146961783025
0.6407623657056376,0.9927416277365927,0.13306108230572056
0.29387038411910577,0.20948547400649528,0.015048156206479693
0.6061368861152722,0.8538597985125335,0.11140918268094878
0.9157782889119148,0.6989107852273501,0.1342873045788749
0.7354728974849192,0.22167502757678514,0.0386576112273237
0.37855750638853863,0.18477173225526128,0.017055127337603577
0.8685631451138142,0.954157032180513,0.16651976650462538
0.8206603902251791,0.3404375276040052,0.06408072878082287
0.05646882224216347,0.7881063937984786,0.010932810332140608
0.5756237417950026,0.6175953818296679,0.07980388100032462
0.4717375016605337,0.9827933264471251,0.10107205141181658
0.26692185613464675,0.8611118791447846,0.05337964220217115
0.17247943715139039,0.6314291963322806,0.026218057318722402
0.09251707270125047,0.1864920969511763,0.004276313847467714
0.39478929718289263,0.8418942613263201,0.075022842644711
0.5526698555031996,0.4212531663398326,0.054067314589251333
0.43151404914667246,0.028406514900620513,0.0030458136312628233
0.22275879955138894,0.9522404087303549,0.04950993814833457
0.7011599906516046,0.814930354536724,0.12144552993833442
0.9138072182263154,0.18479115366747006,0.03998975785769467
0.8773211158178642,0.13670694554728743,0.02881739720635263
0.6304506825834942,0.46243972120935933,0.06660353169329424
0.4947224645573431,0.938315528120618,0.10117698248343247
0.7281080342699305,0.6010774434970539,0.09615171026934205
0.17853140084882732,0.41880033856609966,0.018197050562298128
0.9769617985248102,0.15681870524804653,0.03648394188073273
0.8902869169234359,0.5580978644542186,0.10775430287418052
0.28582727595690277,0.6615176438070139,0.04444279220618002
0.7332567467137162,0.24205589164409233,0.0419052341699593
0.9552886719058438,0.04957157501651144,0.01163798237905712
0.9761566788011394,0.11291842094080318,0.026580225283316133
0.46403242715045473,0.34278811417961996,0.037740474037952325
0.9870067998792719,0.015436335029296424,0.0037846339801151443
0.38204210344137596,0.7726223186926499,0.06731340166875963
0.7266251058052278,0.8036419563355163,0.12376273990612496
0.9793769342993203,0.02059809225038467,0.005002364644951098
0.29702811117898376,0.5261748363555228,0.0370977394868562
0.6677570930925076,0.43197593039429444,0.06595590117231705
0.3961086274846707,0.9280755115196571,0.082207963342389
0.9203840850829205,0.43652097570616094,0.08927946234238188
0.44400742779391494,0.40969260241546834,0.04286458094060411
0.0852231438441041,0.6132452258279074,0.012806256301970255
0.3521890365091681,0.7136130654072558,0.05802611444531581
0.7470347067527257,0.6201178465663857,0.10113046624261926
0.8457892765490892,0.4329620697161363,0.08203343769484646
0.6807041872543207,0.44189808744521714,0.06855823864984316
0.37640023267366457,0.645995113440881,0.05626896375009986
0.8373396786369797,0.9178637888673252,0.15635220504213942
0.8809888102198062,0.5902780215959859,0.11212798770864969
0.061849832017088574,0.9838304840539329,0.014870116512343119
0.6854673147960383,0.7050858407898398,0.1049760411832836
0.779179829129227,0.21003376555502998,0.03880501929126099
0.7867313365395555,0.42439135798907696,0.07543992358100193
0.2629630716227233,0.10374287484520117,0.006743193185797255
0.14502055844048112,0.28485709883907756,0.010160880589731662
0.38463275124580343,0.3022269385412626,0.02793575298988069
0.9982693854462243,0.019319110428153263,0.004783117568224575
0.30719832415896564,0.8424692227762007,0.05961807173998025
0.2617971674408094,0.36899312372979093,0.023349536653809726
0.6149204623956221,0.5113900218032627,0.0713917362123036
0.6405965535949056,0.6628429525167991,0.0935586758000675
0.08781759469244489,0.2753088157611292,0.005978712051769249
0.5268113522524843,0.13796807286695537,0.017715703846136705
0.8662174704430824,0.788039594503992,0.14158630084351104
0.09168700846217638,0.6703605841024839,0.01501968601163766
0.20515071157560352,0.5123823134831602,0.025334761388089825
0.8777002747541344,0.816736435969658,0.1476451037564878
0.6986213819156983,0.5490752688700262,0.08548150843815677
0.8999657385911503,0.21597574468331787,0.04568667534451716
0.9182486487869908,0.3834579722201624,0.07925062313240418
0.8332521588923087,0.4158138811192861,0.07802112546093994
0.9274427213849273,0.30750120362605504,0.06537278709623295
0.4207981611003146,0.3543523503569125,0.03547455272463853
0.7247648753227532,0.7436268872105487,0.11543600334942204
0.8098594815752629,0.33030358778048663,0.06154574740228438
0.3843581491453975,0.5470847142949687,0.04912022723239664
0.73600755636737,0.12259351732088371,0.021873773331781678
0.8797247870256745,0.42547239625406597,0.08373441748815175
0.8340332283122115,0.8804914776062093,0.15041567121657856
0.13016892962241575,0.49914664183094426,0.015857971560846226
0.29025693850464757,0.7949051162030176,0.05356165131313234
0.9589117014077035,0.05517228920370765,0.012981442207093352
0.8790216770606437,0.7303591821397812,0.13447857782964281
0.09674310933887756,0.7729027325200477,0.018191743133181327
0.952074307045031,0.06646993518474575,0.01547834905288018
0.9571629019511972,0.10505916153339658,0.024313127180587257
0.686376775321736,0.390094660978529,0.06158134833526046
0.8640838138831726,0.3260886900284598,0.064589224718767
0.41583528451143514,0.8502387156255935,0.07934393658294175
0.9502621844965886,0.248260028619482,0.05483782175836173
0.5504546612257075,0.7139643954380468,0.08730293812482794
0.8119216322829809,0.7100737614338223,0.12249125949042983
0.36719509645357007,0.8687164763985304,0.07225655978866229
0.8184907615763637,0.23379735399923604,0.04501119868331074
0.3592939151186309,0.9260474455537887,0.07506251595359549
0.7834873758809604,0.11394238821447374,0.021654465104706526
0.7171708661749943,0.43259718039510664,0.07050214100684978
0.6222565715569619,0.9341463207493012,0.12320273416876364
0.3449148523710646,0.640176808589762,0.05142256597684204
0.7242041171298617,0.27048885645449733,0.04600531053858933
0.2895482874107892,0.3018739669819622,0.021186716850747373
0.9241125759404235,0.07334206755163764,0.016551263848398945
0.9175624014510001,0.05258557112249318,0.01185915873313856
0.07863988386474836,0.8074751283544688,0.015503431599522957
0.10732279299259398,0.8133053357896828,0.02115213220775329
1.0002585286932322,0.004971612459417907,0.0012390873868029773
0.834937069025789,0.3300553440974975,0.06327059495669811
0.8840796155759912,0.08908685661096251,0.019166607729539237
0.8822726219438761,0.4849443269772881,0.09436859562476171
0.842466536301861,0.06515419737010752,0.01346065586569672
0.9958221793202752,0.005626050679392924,0.0013958266818688094
0.7376520331228342,0.8306214369712569,0.12896871841225285
0.6485869509563643,0.9833022442861755,0.13331890263707186
0.8569382550249499,0.7846098526726795,0.1397147082355497
0.9164289681866223,0.3156034899782732,0.06619894814434076
0.8715909922569283,0.7053337045894537,0.1295140474827924
0.0757364552774606,0.2991810731982466,0.005607064305230585
0.46702604297470696,0.7407484828757486,0.07782510291813835
0.3453488827100245,0.4745672117057624,0.038817163298605316
0.55165300116158,0.7117085259526298,0.08724170114975312
0.3499161723867194,0.14347570106052632,0.012319628423834075
0.8622625258115236,0.17340274022894858,0.03560324841233199
0.09849049635356803,0.7690697063241299,0.018422772902227845
0.643046186665732,0.38564899221738175,0.0573546532547042
0.6467018038735202,0.8235079742776445,0.11423526815580702
0.12172241823377668,0.9441999614382361,0.02761248600312397
0.960559180513235,0.2100748930090834,0.047387075216635925
0.8873535014831854,0.6631780928648087,0.12480804328261996
0.34705725624626876,0.31707756025806766,0.02649986005620167
0.6620663585492649,0.542556228317219,0.08056638021047781
0.4608820607131826,0.6012233760065967,0.06352463300389277
0.30977965061466456,0.9130271899723723,0.06470956422102071
0.7987796356778378,0.40845736148814016,0.07387358256495286
0.9277979144179938,0.5509159648967357,0.11062899168483113
0.9430520049140869,0.4104853003766573,0.08643173388357579
0.9097221910861502,0.15238988111493432,0.033124283008306374
0.9871888775533669,0.040542049500209454,0.009861115295953628
0.7518797098324617,0.2331827906728085,0.04142797773712594
0.22552910696927228,0.14267846755947147,0.007940490814134586
0.589293380645668,0.5145892631498148,0.06904642137408401
0.9012450255504729,0.07854955315461022,0.017274460497437128
0.4361574054092327,0.9765976071487292,0.09377589046084947
0.7995228787528433,0.9591437111058669,0.1558712015376089
0.9239117567707419,0.20715744077397785,0.04503958555999702
0.459886320762001,0.30879522460989056,0.03386674039517757
0.9710460607864112,0.04510637079565627,0.010778910310705485
0.43449129509076884,0.24792008419343456,0.02595463456589441
0.7563956893486725,0.28931555555294886,0.05106331816396826
0.8522487108704618,0.13500759743500113,0.027687065248522907
0.7977236197404363,0.07358105786436786,0.014376805026461027
0.7151456082856082,0.7355639352100827,0.11300719858880223
0.6654973251570706,0.6701868201014348,0.09778199186723785
0.9297688777316234,0.3989347623075307,0.08311567546144169
0.06568238955724191,0.5246784657023884,0.008493348240385721
0.8849950852167042,0.3954319565319769,0.07878181327845254
0.6655524191682562,0.40644725351154715,0.06217039420748357
0.7493413455583713,0.2180467557415973,0.03873591833289476
0.48162334352609343,0.8328090634501139,0.08889257686832734
0.4482925797880742,0.4901200018727433,0.051199205055743074
0.06895676233414906,0.5646938411294634,0.00958301162406671
0.6529063526272861,0.6945602476635814,0.09919417073608744
0.4895169288746641,0.39910853941076413,0.04585425099358869
0.45704821929652706,0.5300577930516824,0.05608464098510078
0.40261046889648705,0.4253923827127116,0.04047565088360575
0.866998340856867,0.6136980154495968,0.11436079502521826
0.394213932885514,0.8883280349684183,0.07864905994708739
0.4796951554835094,0.5455051931162752,0.06025623593055473
0.546717814607316,0.9592767033584992,0.11268812470383713
0.9451463214095662,0.518152169772618,0.1066265270562599
0.9033041697895409,0.35954581287966014,0.07362721901111562
0.22024835586864394,0.8626626436057782,0.04464492435737781
0.9904256756697716,0.07894863278371576,0.019045644544517917
0.8479196045392748,0.10452849678996756,0.0214996296028553
0.9174181433264489,0.49596082833545047,0.09977614103874237
0.249425820199381,0.7597573614101706,0.044533757889515795
0.7333391900546645,0.13789570023173736,0.024437341293996013
0.9091334415293365,0.6039043598006514,0.11761616904532089
0.26861039093508216,0.4080524610917573,0.026385713708944145
0.9099223810913007,0.07920589744998753,0.01757878602903341
0.783887512726258,0.10364577388513885,0.019755486330041254
0.41311893052372434,0.4529085906289296,0.0440114936574591
0.9139951782619756,0.7429260272694482,0.1412354180102978
0.6802884902466613,0.1160034964722066,0.019200937282903213
0.14242634436998455,0.1786009050937399,0.006288559103860714
0.8124086548520596,0.7722414796550592,0.13170665337096346
0.35886319098285646,0.32460064012272893,0.027989815540962835
0.7967256358911537,0.8060312141477479,0.13428195618513145
0.9425519423691615,0.11486181603755452,0.026112286915311086
0.8825749531493922,0.825332906384798,0.14964684659681413
0.40468273574769137,0.338215312471576,0.03268436877546207
0.8363270523785589,0.5757605479445136,0.10472672565542324
0.17084055476084786,0.753301864708477,0.030792180808142854
0.5090227797677408,0.8271039370247953,0.09282294246334302
0.12991937555951227,0.933438470851581,0.029082615059028795
0.9189508419940496,0.1449946949362273,0.03189282894151806
0.8078642420556773,0.7455802110439376,0.12717527246448676
0.8168952109441777,0.13935139386782236,0.02740968147230373
0.8732071774123182,0.9065287561129269,0.16032045732629766
0.7251333318599648,0.42628158829944096,0.07028566803505658
0.8044951636218511,0.706418681528188,0.12094375369007636
0.5181784759326309,0.1093889928843157,0.013883341097752954
0.5041632819280429,0.5061110784929588,0.05886860871276895
0.20039899271052702,0.8036193833707029,0.03816328336564012
0.6204381573596925,0.10315033120634877,0.01563980612636036
0.0211966847236544,0.24313212349583413,0.0012822141235090583
0.985457899681848,0.1098115479585168,0.026120239737844844
0.22900337940847176,0.3464388218366656,0.019280036206733804
0.9385860517540613,0.3507141302076417,0.0746048563691227
0.5185907388293031,0.764633787879766,0.08800581604468471
0.5887653731645928,0.6592989106403151,0.08635156611837402
0.39660351852841175,0.2119863970193987,0.020413312509923887
0.6229582955535823,0.23054234744899116,0.03424281494407703
0.8295808318149995,0.2242465841766698,0.04381695546784603
0.837480627161225,0.48188496869150826,0.08953986132354166
0.21789920801003013,0.5648396490529686,0.029504940204044018
0.21024723281523228,0.9760863665365013,0.047994827995387054
0.8746390549515048,0.7939457167905265,0.14365077311405358
0.9272791850119577,0.11831348351995137,0.026448452853698057
0.9315900990527468,0.4181252034794181,0.08685964581180443
0.6159383175652395,0.5556058379575538,0.0770865678199058
0.08307312628793227,0.6937956439472474,0.014096857262207196
0.8950569833676526,0.04724166153557885,0.010411211274050782
0.7801428678756526,0.9599740866892964,0.15280502285202513
0.12843609947606188,0.5589773082717091,0.017486089504688964
0.9402455784574841,0.504952715167989,0.10373206508757758
0.621666307341064,0.784277096777778,0.10575054976836619
0.18569418549288513,0.6872688124514961,0.030544848990311183
0.052597803895077434,0.5653423303002892,0.007339755128768843
0.9043663548948425,0.5117568701330963,0.10125222398537966
0.10019120114535697,0.6188055532516051,0.015145948029463683
0.978647994767695,0.11118735468105259,0.026251171721041966
0.4458529595936109,0.041316464991206336,0.004568151411113007
0.08224829903305018,0.9535037213829937,0.019056579804088095
0.6912217694407936,0.05699870570599619,0.009708469909984386
0.46265936215375264,0.8762336292039843,0.08974879525823112
0.3782152476710294,0.8376663346296803,0.071802228607874
0.2717781370697134,0.2746881696104503,0.018173562059552683
0.5735835459878792,0.9437571408814376,0.11580686588482708
0.4320628553414156,0.6681258535871232,0.06596021562945456
0.790527222687851,0.6046506922174906,0.104016823255983
0.7272146824271546,0.573127379782352,0.09207310133539524
0.729403927074218,0.6556350589189501,0.10403757435723122
0.7284979895588876,0.23890386684572712,0.04112455257742752
0.9504017002166704,0.465021372707415,0.09738973482754293
0.9921504816275951,0.07780249843048824,0.018814784952466836
0.8742814967235325,0.8390888117907013,0.15045991708089912
0.9135709020325107,0.01983619014128113,0.004497993304189646
0.9868788105105074,0.022403904857409843,0.005478478628408523
0.9482374026811905,0.051729231983775215,0.012051171622296413
0.34465779092915044,0.8501913468087868,0.06686338064909256
0.9827491356534727,0.008895805535434675,0.002176402124857088
0.3418985290471841,0.9787675621852968,0.07545860457519019
0.9068781997762835,0.8270030258190536,0.15348934503500528
0.6277310396914133,0.7852109593263713,0.10674329657950107
0.970366229318886,0.0480834870025465,0.011471611057448435
0.6707853647820328,0.20743926620697464,0.03322492532550488
0.6500429263386177,0.8498656310952116,0.11789468805408866
0.22345464670330498,0.43249481165503073,0.023359049101972923
0.6728598488219977,0.49468897320208693,0.07519483350965428
0.9455781067238019,0.4879561474538505,0.10117045201741254
0.542393456734933,0.1815088871655286,0.023802632797884467
0.6901794290442986,0.37478354659104024,0.05964639142198091
0.39620226691264554,0.33534184912168014,0.03176628158340342
0.3630233412077341,0.32212041531864616,0.02809822780339448
0.49408678059174854,0.5064494411049029,0.057803931349975274
0.8178894269861986,0.07792888496890003,0.015585190713633356
0.4321233159387764,0.7798774734043404,0.07597100199592335
0.9559060242074511,0.38252290811776446,0.08216937450313817
0.6851506856837516,0.49480688665042116,0.07645601068546837
0.704751847746887,0.9470026981460482,0.13863171390092033
0.6834220282491248,0.8925284173702364,0.12844166804318752
0.06691360063128468,0.251194198236613,0.004166302633939845
0.5071241636125292,0.9196540615619676,0.10167934250607241
0.9668196905589472,0.1507643647449659,0.03477583985994331
0.7578608203431009,0.7486077082226023,0.12072403545610462
0.8177221678243171,0.32830114440753083,0.061770967122332786
0.57757187597578,0.2655161895261474,0.036455847641119414
0.38294101471526376,0.3059907647681857,0.028153286385697036
0.8096857682682036,0.3030324268193135,0.05681995510797209
0.9384651662032711,0.27842561210077327,0.06030323758333381
0.9012957561779036,0.25486958765412465,0.05344081171458701
0.36355616684225034,0.4450763058826466,0.03834647114851869
0.4232188647044642,0.5045482589579534,0.04983846552009183
0.8697663104280375,0.5534973520744925,0.10472659502609523
0.0047600917796392925,0.9955002834343923,0.0011792311220361303
0.7818241561106181,0.7926619192137531,0.1302643305192986
0.8035882548123696,0.6221792294411628,0.1082231047397913
0.42392574801205907,0.9889601476818849,0.09247090962023535
0.6335080318972971,0.2413521450846822,0.036362384818297774
0.9695886445839448,0.25714524855112986,0.05780106937817915
0.6853985390023964,0.18473155683441483,0.030353443433771117
0.9271345212400485,0.19386454890431074,0.04243929748230234
0.8164036395649118,0.813827670155021,0.13825423608812948
0.5623018389684926,0.4229841881442263,0.055159282048558585
0.7178362257178531,0.25592050515822606,0.04329532713152372
0.46079584187855915,0.5909028517654117,0.06250896422442613
0.14985206718923277,0.6042722960584557,0.02192483207015391
0.5395775616610549,0.6468580270601879,0.0784700149372783
0.5950560009309002,0.8270079678048513,0.10660541907914294
0.9904829599450324,0.021159968460002454,0.005195558466778426
0.9171078941321604,0.21521891660028383,0.046375122730252544
0.5318512814952497,0.30786542461139454,0.03880040026975786
0.9338087940010011,0.11862700350380662,0.026693227315272836
0.9200260560147945,0.43921385470995494,0.08974888355687814
0.5762121064646879,0.6326639641470945,0.08160562415085292
0.8955255798587646,0.43280579347962944,0.08639291763414986
0.7779724655814972,0.8317959738126574,0.13517433304297355
0.2968933585287343,0.6378462590815903,0.04450111142015387
0.7615030867321854,0.7586714645683619,0.12264372778781112
0.6199297131543268,0.6039750393802741,0.08361013525794138
0.6827353127644784,0.13074783281680766,0.021652305479386222
0.5448640291192175,0.3598446831507598,0.046015903258576504
0.3159594339263437,0.8708048524974218,0.06308165993676343
0.35623702969224763,0.978133116954041,0.0783025622115816
0.7857314879779,0.7071811457175149,0.11861393970438182
0.3561764270199165,0.16087298098539035,0.014028456231496862
0.36579720638310464,0.8785227420835923,0.07274478184878864
0.9392204623287875,0.16189543860579744,0.036192902113628134
0.4118458498039201,0.9159907410122478,0.0841203226202577
0.24702595457385906,0.7172086018204331,0.041788866070334454
0.9187587394573219,0.4088712476670064,0.08404023497231893
0.5519949468650032,0.990308312261186,0.11676910472865631
0.6690829300112362,0.3301136339297304,0.05148584300848882
0.5432461325340661,0.6960123078005258,0.08433133523324822
0.4856731183197478,0.7635020903356101,0.08284003051445367
0.316808371970443,0.2071460419601719,0.016021297667593394
0.42587388621273065,0.45043169202192695,0.04505941010012785
0.17574840879866263,0.1982347061283358,0.008587947186902496
0.3832614089209054,0.36682255559513,0.03353927705193993
0.7184202438842975,0.6767308037429214,0.10550321971285498
0.7275248580323298,0.6111893752391062,0.09756502772446421
0.8863714278313621,0.21015624847300268,0.04388983081577833
0.6327195063496777,0.8579232850199,0.11610109518616958
0.3107606357193703,0.27422697834529647,0.02067318143928916
0.1680755852766816,0.9117524994102412,0.0363919413208946
0.4176398482383198,0.5503655693203761,0.05339836567055403
0.1907405813583498,0.9664905428517785,0.043377400498505025
0.15500130067351564,0.3144067920424717,0.011956715080326674
0.8363209899216236,0.1050761127401051,0.02132463285057608
0.9315904077690629,0.085514732721888,0.019387736936629457
0.6442767904190562,0.4753326637135305,0.06968588970616747
0.8160583605802834,0.37678132439923184,0.06997961026600732
0.8883517987064645,0.1796478335633931,0.03789421084297031
0.9095362305657934,0.3488680938698943,0.07207845019331277
0.6286323779440235,0.6690716801880974,0.09277195523597959
0.5606354355154298,0.709983945124857,0.08833166679671176
0.7548676845213952,0.7399753736556677,0.11916050373265792
0.43401512120483654,0.3049182331220783,0.03164899883758847
0.8987676290725043,0.33839263309609363,0.06932964896983349
0.8580294584278584,0.6019168927797107,0.11142548684497518
0.8527446536849398,0.042285690553295674,0.00889554852597421
0.4344796734056888,0.33999794964160024,0.03516974811786548
0.9073703817413272,0.08169986416871246,0.01806548235732516
0.6845568890375089,0.9712389049798026,0.13814508272858486
0.7465245621988673,0.5887796436386907,0.09655622224963471
0.9199024027557849,0.5076770927409894,0.10208208668929236
0.062130047012053595,0.9807495308962646,0.014888871071913475
0.68161334955959,0.37033127147123357,0.058311619772065976
0.7931639889664835,0.13159458201438445,0.025199017842041874
0.6551025761334096,0.8373973145369593,0.11722287276149095
0.6326590218644494,0.5084749014163404,0.07287153679296078
0.47607829291427345,0.6648033603300335,0.0717695116900718
0.7094619626620811,0.6885000657517323,0.1059779018191214
0.3171249072833048,0.27393311918757485,0.021064705074872278
0.6718232513957467,0.8323213375887346,0.11920062427743063
0.9825632071327756,0.06249467500145223,0.015028993185251038
0.3952866052336768,0.9143372590010662,0.0809504188696859
0.002789218986654231,0.12063839849786546,8.386458407266195e-05
0.533103853509974,0.9256248638543861,0.10683874494401722
0.9992792338132793,0.003412065527945596,0.0008499931149259972
0.793712880012956,0.04775834794184863,0.009347362732306916
0.9000015195845366,0.08509802683485478,0.01865665999358818
0.41493800009945114,0.8837803850498934,0.08201136041759528
0.22464414181418174,0.7055342265918358,0.03757741063436134
0.6296061673636342,0.5549113685110217,0.07856818108297182
0.768332138780331,0.24897642845115706,0.04499169387716943
0.9759806726868114,0.048569978323478535,0.011651664406703911
0.4833671092058562,0.3976576774190403,0.045156986769
0.36501404069329274,0.41332092337840354,0.03587335671959677
0.16263151255931127,0.8230452964062097,0.03197493905361475
0.9855612916871154,0.022665977370189605,0.005535144589818762
0.920742663575443,0.13901472429919487,0.030682192444389175
0.842319359290416,0.9860838883777733,0.1667015822441741
0.6780231892637493,0.9937477758241974,0.13978918782598918
0.860248624319676,0.8214235408405995,0.14579583025029755
0.8733711044912945,0.8432822043558907,0.1509188624062165
0.8990008450185633,0.4013177413521154,0.0810023510931672
0.016905181383706218,0.6671306623451159,0.0028007300463338183
0.860674226705637,0.909240810013527,0.15876175470284767
0.32571261063009904,0.7909721325783341,0.059373590246964925
0.6594596399205895,0.15380728780750696,0.024502669495625053
0.250683126446348,0.748991711948692,0.04414998544105262
0.8577507609735979,0.40300862274320715,0.07789786134179036
0.19640321580779735,0.9914071607390613,0.04567073141385869
0.9263737417100953,0.21160772639458297,0.04606298686904123
0.8255110158840269,0.4104755828190501,0.0764639195870602
0.39349904529446394,0.943287575105535,0.08291355537988004
0.5780002754613165,0.5802032446705759,0.07566925332495011
0.7720424879078904,0.9075715758006841,0.1445163997294748
0.017058396976213117,0.34826373012090495,0.0014781075452770845
0.27797877602029303,0.6834563946043982,0.04464401523817338
0.2019826703009491,0.45276184311901496,0.022140650717358802
0.7809514890208152,0.5086223651652924,0.08823967782290333
0.40778535287426576,0.5632272591223364,0.05336495257597585
0.580076832015119,0.7722504909311193,0.09810747712993018
0.08629917587018497,0.5186850421208601,0.010994747619472353
0.3110564177700645,0.7871486790078227,0.05663806162143936
0.9736088106205365,0.1692918940966765,0.039115183976175756
0.8897811921336561,0.5144959845408812,0.10022336131635325
0.47840889093186345,0.9620187104932026,0.1004601865516902
0.716476115151256,0.6166875455130612,0.09697849067142789
0.6080764369323524,0.9769404994876413,0.12546267246510812
0.5673406472243316,0.7890523598368528,0.09806140939364456
0.9787047506045442,0.019879363914613202,0.004825934629023319
0.022983437349213032,0.15253372347401886,0.0008729190788440151
0.6962607456144668,0.9014225540534462,0.13162536221539026
0.9862489261404607,0.10101534506725783,0.024108778487148156
0.920731127927274,0.20276463894173394,0.043989643126697626
0.7002161456265482,0.8429948459505936,0.12487293933180044
0.05284980008395761,0.3020920366180294,0.003959393220943123
0.053027364573510566,0.6088661044496463,0.007963384320943935
0.7979207141961616,0.2922756613688998,0.0541945826593983
0.6413719431381019,0.6239372372696741,0.08874832108790678
0.45765646370510454,0.29922759715969116,0.032709749480418285
0.7144761090007583,0.539945609476942,0.08593739198056043
0.7990737776475184,0.5827000659736606,0.1016656709762621
0.7567621135078004,0.6561332460538944,0.1075222212251368
0.17793960488999644,0.7471235650317956,0.0317725672811554
0.8622334058864178,0.7917771935455912,0.1415993197649041
0.7580353159631361,0.5297229041586116,0.08908068195673678
0.33728799103411256,0.1380390623083687,0.01143661067578028
0.6369167392701879,0.7316626417057107,0.10161116344350166
0.7634416173207998,0.22959056463125357,0.041411709194962495
0.9071857915157453,0.33389713519302067,0.06906792667323693
0.4164994931454088,0.14288465234273806,0.014558581485390333
0.7193204422762417,0.25370906595822634,0.04301909469106599
0.6010751370182529,0.4692539074073408,0.06459437475738158
0.9453907105100278,0.26313706264700354,0.05761476884290051
0.03350168442713849,0.29182740316206723,0.002429350393792812
0.859301763761495,0.3013162515084041,0.05973226228210027
0.4144805133322684,0.5998436159375025,0.057455685083518844
0.893444007775201,0.629514849064741,0.12004489539570389
0.36386077504211245,0.18213052102307392,0.016177158867828632
0.657787379301933,0.7805982323565067,0.11065282653476781
0.7582946759349143,0.8968086787345559,0.14090410396867317
0.7008587109461791,0.7045879546759028,0.10697723858765866
0.9919081515420048,0.08013843190247738,0.019356234537872438
0.7363509966228732,0.8056675785340206,0.12544753482614335
0.3777424267969734,0.6790429020654105,0.059129836477955805
0.5483777609328707,0.02062554042206322,0.0028115311364214474
0.08359698120295643,0.567840842162321,0.011650146245723263
0.9140472039876091,0.7795104788250985,0.14708920310074253
0.8529633738714039,0.603207184321962,0.11099502939294459
0.6319631492377834,0.5724158915921469,0.08105552129892453
0.9289492437050889,0.5240127801268154,0.10598799481587873
0.9762033390665424,0.2095354911254434,0.04803243795622689
0.5596378582801574,0.43125503952259153,0.055898302301221635
0.7843447381400794,0.11112654414817762,0.02115561752295693
0.9338449267821047,0.18934000558562827,0.04177489350375989
0.9937001911998423,0.0567101238983192,0.013817936189201777
0.830884337834579,0.32495677265585654,0.06210324658047146
0.8695391859560767,0.27836551859794684,0.05611672367778853
0.19498521081976156,0.3122046098145251,0.014882310005432385
0.9950652323978558,0.0020165869773706158,0.0005006529160006484
0.9707982785454947,0.031273340713844355,0.007503775801292717
0.9679210426921435,0.22776183375417336,0.051505689582554304
0.22418305645604125,0.8699960358160745,0.045752979076536915
0.33353053122020176,0.9182340841328619,0.06961883879770758
0.41900796717060207,0.5342959916653044,0.0520978203299579
0.934409389097434,0.2700495074131394,0.058368021194423754
0.2275857335019967,0.9505465149188868,0.05043415293013169
0.35369429106357797,0.42194509383900175,0.035505468716797946
0.9250142309987693,0.2608733295533689,0.0559824434370222
0.20552108391635113,0.5599244573738902,0.027651983541820645
0.2867954866257845,0.9424257275398952,0.06204419624458936
0.13863661312085654,0.8846272890664834,0.029404398184659935
0.6670484149212743,0.45007024498170345,0.06842259394197071
0.9608717304153138,0.2065529219182682,0.04663792405937375
0.5813146788700715,0.8960113086608171,0.11199660796229761
0.6932600779670254,0.47378688679641723,0.07430135860170554
0.8826664872881124,0.11715694941545259,0.02497524807396695
0.06837383655936334,0.07880772165597404,0.0013407889026695278
0.49972724137926516,0.9827875382541295,0.10633768142660105
0.9914419351735404,0.06445594702461765,0.015630289821069347
0.5329178566236423,0.48948325017987077,0.0600827712167994
0.03414620844434711,0.4090067350838403,0.003465202580993116
0.2686516257261204,0.7651031831615323,0.04807520348224978
0.9883727245835897,0.07251445258539457,0.017488650629134718
0.35205945989894055,0.8926425693214931,0.07128804381881136
0.6468107563278719,0.6260769020437865,0.08971791098760999
0.5942971357704856,0.37224907847998484,0.05155427940305961
0.6405902273343546,0.7186592888929085,0.10055080079308296
0.6069861489486587,0.9334943006360119,0.12052257244384239
0.021315604130356346,0.5683525356697424,0.003007635178831601
0.9926648268569236,0.01875603916787849,0.0046183740815826406
0.9847772933105714,0.14116888873672462,0.033259093752693786
0.5173393687997566,0.7899033773343547,0.09042913772073023
0.7378419907562618,0.039707852222457984,0.007243561438265905
0.8947369083022936,0.14677367564053134,0.03144901475694214
0.4058185157480275,0.27440203166360994,0.026803865188022274
0.7842562501061211,0.34243253436831245,0.06176837416565267
0.5687290016115957,0.38267020960645126,0.05077244377909659
0.3409314013476226,0.9588438493080905,0.07387543984434525
0.8010191926451016,0.6227938896240682,0.10798327728148047
0.8801281551585287,0.8672292723889649,0.15555178349004756
0.15161908862589427,0.7519494276044622,0.027399259766984478
0.734077588579167,0.20721835921782802,0.03618295839441791
0.3535118573631645,0.8141028898324891,0.06575545174722897
0.8017037338996581,0.6523691115879877,0.11254985812471557
0.919734697197945,0.23451020166982403,0.050398471792436096
0.665604368682433,0.4349475522251422,0.06617652179460368
0.2622672936789056,0.9741861932592554,0.058900516589322605
0.05377286475440591,0.8976776081085487,0.011844722024565981
0.38428378959736953,0.8442310376087411,0.07337056574753185
0.5971468781471786,0.3924046643347782,0.05441047599043029
0.07932509511523779,0.4930230187317424,0.009623670345838328
0.0635164746823894,0.6766893518310659,0.01056415314913616
0.9941224450215138,0.06080271295805606,0.01480166066620023
0.9846706504265406,0.03059563181997127,0.007445808016272962
0.02536818570901136,0.5934858497511737,0.00373418222205267
0.8962831013293501,0.8776222913583389,0.1596824455066218
0.9678574561968495,0.06348308491245691,0.01503741868435187
0.5304498099768145,0.8502380653214595,0.09871571880237795
0.21489377012572713,0.9833112696494408,0.04932307811863013
0.7745206098579949,0.3507263572722451,0.062418861593702045
0.7062652959669509,0.19889436673765284,0.03352908955561106
0.7980077433757058,0.28614681855341023,0.053129633851606836
0.3000372963730539,0.7164136248856784,0.050142944363719376
0.12386138595215491,0.3151466206367846,0.00960807701408833
0.9718543638396587,0.025721182293038325,0.0061880437413047735
0.3503262496088687,0.9443701834524335,0.07470729688331283
0.34311885433530087,0.4961725575650154,0.040242384673382176
0.9375868644035097,0.37480028803290794,0.07916294860177073
0.5734547687491174,0.8565816349272412,0.10644347686235639
0.34747411323314054,0.6292831855177052,0.0509568803445636
0.0770500071538047,0.48360591858982355,0.009176495396885104
0.14108282148764006,0.908239882498652,0.030657676229516092
0.025933187318170396,0.3635707390327586,0.002342966525904766
0.8957116127583054,0.1875638280085199,0.0397834659593578
0.6017256000508581,0.4825255739009053,0.06635030964191843
0.7671034157334632,0.9487262814172491,0.14921878356281637
0.3147919055959919,0.961192681900739,0.0688526520199291
0.49967513224173127,0.5499498471596864,0.06303644225595526
0.2025876252555521,0.6450390852053063,0.03125371454278527
0.8989058973917422,0.07103340398235758,0.015614577997531498
0.8830253774196917,0.2513002116555291,0.05174783669674731
0.3904017734126084,0.5538208832195546,0.05042835488936166
0.4690443358985652,0.49309508889625747,0.0537180836584176
0.2677384885725579,0.8081417718470043,0.05044839208196381
0.7060178083488935,0.376842664114508,0.061220827695950504
0.8743600596409581,0.31380285723322066,0.0630314446503947
0.6683268462961446,0.6620718577200123,0.09710765833797674
0.1982437227417333,0.9105039377274456,0.042529157715791244
0.17015946472125876,0.20952287701295796,0.008785688914555688
0.6203971701246239,0.5448733365187299,0.07625024113505023
0.19328732562145132,0.9241054190682532,0.04209915168935108
0.8034979814018013,0.2798053357617506,0.05237258637875101
0.18491719272567883,0.15960717386464157,0.007286960646783445
0.17593160365940214,0.391228190495662,0.01678014693782376
0.34392823004168316,0.5167401826213637,0.04192013653669083
0.8577844743309141,0.43062802041417775,0.08270419136426622
0.6524698541212945,0.586798571438141,0.08532068330641997
0.11146227920186817,0.7378377872921603,0.019965058069931173
0.40056420921333913,0.9562672548360988,0.08527326816989207
0.727514214070565,0.2842011637487914,0.048396976429525396
0.20565678247354408,0.6485472070798252,0.031873248946087514
0.7373492348732231,0.6962159966701554,0.11070739544211394
0.2802346896461695,0.2927207490124872,0.019920181364854066
0.7117994814971981,0.9866823001504718,0.1448025652763248
0.8838017984363139,0.39731766763754617,0.07901177018380051
0.7478668646867527,0.32845619115593017,0.05684549942392049
0.9834551456533488,0.12515699040614314,0.029580518049523156
0.7085985187578372,0.1114578007254426,0.019214837937742476
0.586207693732519,0.9845734020457273,0.1223919269867881
0.09696089230492624,0.5789395339218827,0.013737902501982873
0.528674858962569,0.8920925954476436,0.10266352756938286
0.9744673459374762,0.015080181075462606,0.0036509343782448883
0.34418774209853986,0.599698675514195,0.048273476885385976
0.7283564177686814,0.7504645765974757,0.11683894887038561
0.7270573854365363,0.7929782198838582,0.12239095545880475
0.5654172527731364,0.5538289050910585,0.07108775798473731
0.11134993644266708,0.8217382528417507,0.022144291233284978
0.9172001237241962,0.6108688451669478,0.11975774967112672
0.4834735327007183,0.4336895128419815,0.04900303224750928
0.41481883970174166,0.31032977376330656,0.030822159801837768
0.8262792644234386,0.7144267683506478,0.12500698903234206
0.4876062481170769,0.9021746805371167,0.09652385706723604
0.49838873489481167,0.1936189729139315,0.023337540940410784
0.8621222684760633,0.9022150797159882,0.1580021570450076
0.6413391275086581,0.4771535238392063,0.06961771027768886
0.9446490901997001,0.4304962777294132,0.0903468055182385
0.09045477771654112,0.7889467175443293,0.017380665054928742
0.550741725958426,0.984152999931121,0.1159349328543812
0.5810259235191442,0.36972579265242883,0.05013782866485609
0.7283878571799249,0.968932869316235,0.1453846286371463
0.16707445791211445,0.9290263877654196,0.036843690853824454
0.9541662863151111,0.1776925857619811,0.04015348118531251
0.611859444440822,0.6088516168445476,0.08323635343047037
0.9252702675742872,0.2862966041661705,0.06105407072996455
0.804774251377424,0.8136611230389794,0.13654118377718213
0.9710982343331357,0.08240794388130822,0.0194727342395541
0.41252174636007954,0.4382800473034214,0.04260760734578744
0.08367347934063343,0.8177037747448074,0.016681215585258483
0.9343605809013353,0.4087333326897735,0.08531700064788834
0.7047465573287546,0.517749707186977,0.08172356084667615
0.019874670127919936,0.11703988347506633,0.0005793948322264409
0.8484408501411275,0.8140065192501122,0.1429896031463869
0.9407616468058944,0.49786740833251214,0.1024463491643528
0.35391508425714197,0.562265662780428,0.04662245092560812
0.7100937649945108,0.15006226330533612,0.025705565673585874
0.8642935521478569,0.4326307908047872,0.08363825619979152
0.11874632953135066,0.6692972985745201,0.019307651804222746
0.7355760904996831,0.42278467327012775,0.07068940017490406
0.7508550127173195,0.6331843992741162,0.10348904258644451
0.17381897614854397,0.9674359524936768,0.03976051146684211
0.07102532784925655,0.6830648223096253,0.011903200462359273
0.45649040953139697,0.39162483308002616,0.04216561058498671
0.8860326113484667,0.1872525697200981,0.03932343177205945
0.7994625307759404,0.7463223600913118,0.1260965357945924
0.8835626759129694,0.0635639191391969,0.013768478242552543
0.7271265597334141,0.6468760427088738,0.1025091884482098
0.8237126196561767,0.7360571428957441,0.12786285349654658
0.7742746107773312,0.3987588451279414,0.07022387496668028
0.6578975748376952,0.5071825303221235,0.0753415341918764
0.9058254939713879,0.22872062776362406,0.04852520873742686
0.7365343705298806,0.6501941808471887,0.10413730830755472
0.42764439997081577,0.9712842642006732,0.091682722214874
0.7809100206264017,0.2987130847246813,0.05419723309041771
0.5313992535357163,0.7535131086748065,0.08878091757636711
0.9173456955431566,0.5381433132192781,0.10720487976760613
0.31137634064353,0.32973171649909216,0.024771712478367496
0.8817026927341336,0.7884287034284043,0.14389106130330992
0.5627899687475442,0.30319482929164504,0.040361914307769156
0.5758963263497323,0.45349788948065145,0.06017439252249096
0.9567991274513866,0.13404169724716472,0.030746912544434
0.591329710763351,0.4031129864471294,0.055268341950147445
0.8282433094630653,0.20345524067614962,0.03990575960558135
0.08839038874289043,0.26231334044184956,0.005736003773724494
0.8497056239279355,0.1847951614868486,0.037322459490881255
0.4765624348154528,0.695623914898594,0.07483428513017437
0.3737435319293328,0.15500025486566668,0.014179198419233372
0.3974880237706097,0.6916197559832666,0.06304279419937953
0.569924853281812,0.9586338310644201,0.11673855379122483
0.019780729741037114,0.9849849877499479,0.004824639341712
0.8484993458076316,0.6632952669932004,0.1199855489177832
0.9537707431652809,0.1635881623222369,0.037099917863077266
0.09515595062939958,0.3949106472756698,0.009254247586278129
0.9039775477402332,0.27799521264490146,0.0581357141198408
0.6796588194777585,0.7814660277720307,0.11392705990174334
0.7664686072337814,0.8437900452639759,0.13506986103288904
0.4473345922279427,0.5551143840748604,0.05739644833482504
0.04274936719893555,0.9416213625858931,0.009901672329624004
0.9834942473080732,0.018325819375109798,0.0044728697884469535
0.14563822953400576,0.8891839058918615,0.03097772017574894
0.8250131483005793,0.38975848334991353,0.07289881063096558
0.660709868268752,0.23174012788381404,0.03640680687791895
0.5667495392389297,0.5343942272533609,0.068954900280674
0.8849816757026331,0.9446902786527568,0.16773215115410633
0.9906183355878204,0.00282703218662006,0.0006986604278331781
0.9147896240762807,0.5414661617187942,0.10753642509581408
0.6578589469251044,0.10685127402373995,0.01714827417152049
0.4272607149873285,0.25795495876099034,0.026536684661278905
0.5244697916200041,0.41689604063310265,0.05097845165285649
0.3659767694384967,0.45361612185327643,0.03930007339022215
0.7650545409655739,0.46814659094390076,0.0803839782739453
0.1107700370600837,0.9275167008723263,0.0247790943276032
0.9423221938594479,0.25877108942215044,0.05655002331639481
0.9482101474468798,0.18789021078453788,0.04209970268808493
0.8931469014635026,0.7324846740780379,0.13669560034846073
0.7224816544177124,0.8610882804114026,0.13067131767707219
0.27458910257706876,0.3378243931620076,0.02245020572218924
0.8720343028607801,0.4292892445894152,0.08373176837752695
0.8455866083606701,0.5941813411703051,0.10872132319334239
0.3201720683002172,0.975677933932363,0.07087994506370461
0.47901860321462136,0.9278691740482684,0.09738871665051993
0.9534462779395382,0.05848247626200964,0.013671807053588569
0.36452000681144087,0.7650218200353309,0.06387808029945602
0.8901438370483545,0.1575451012991187,0.033494086420813064
0.9452012144586989,0.11226259446550861,0.02560994509380258
0.9391338552112091,0.10862827975822453,0.024649936841767906
0.8979734592023594,0.6372612878588723,0.12189761558606568
0.5727196612465961,0.04232872142225974,0.006001479611655915
0.9723461572866706,0.04771338555340965,0.01140706276385243
0.9394171784181998,0.3192719826106271,0.06848930938636003
0.7802108562626557,0.21120551150484898,0.03905678776088149
0.36071588326613296,0.776245848784648,0.06412932346864292
0.5973817620589471,0.7972413245993594,0.10359865688284037
0.9184395334940428,0.17178831904492098,0.03749226405004286
0.8614506899399553,0.3707980242325812,0.07248046848933
0.41337066263762434,0.9267649888486018,0.0852925405105446
0.8413346707774019,0.6438651200806647,0.11610437198988438
0.6722641626960506,0.8227616132708296,0.11808701520963649
0.17277323319463814,0.4434141988273312,0.01863235219177614
0.9702336843486403,0.22723872178477683,0.05150946369653542
0.7972494235877047,0.5545847870158348,0.09710488452435947
0.9749613110414102,0.06381725610417532,0.015222987535931628
0.1360510963480648,0.8276311719925821,0.02707433055020789
0.519141000756845,0.6316643991220647,0.07413348610154065
