r,q,KL
0.7641598716012361,0.24205589164409233,0.043580107991320984
0.9634422751654342,0.04957157501651144,0.01173541341255003
0.988353389600059,0.11291842094080318,0.026919407804633488
0.4953404353885587,0.34278811417961996,0.04016624880225886
0.9896453117397778,0.015436335029296424,0.0037945618803742116
0.4166378740206707,0.7726223186926499,0.07287584424336414
0.7881246239300495,0.8036419563355163,0.13275888809215178
0.983112904212046,0.02059809225038467,0.005021402614868111
0.3221999549318208,0.5261748363555228,0.040080951284654734
0.7077343870925368,0.43197593039429444,0.06958030754020054
0.656440582832951,0.9553145792212376,0.1314595777419624
0.04833629168955407,0.8919016691830425,0.010595768365909492
0.06769135564968752,0.27863302551894353,0.004672216183471349
0.9470710625518158,0.2785342977793757,0.06085412949133061
0.7672165735896831,0.42199957484726275,0.07334076196479979
0.9861640044732719,0.004077724985988684,0.0010028183674191718
0.9046507022138387,0.3089237677451262,0.06413526982644586
0.27072538732010004,0.9517540164636143,0.05935875474424539
0.45926967272859215,0.8382047782684795,0.08567689547984898
0.601372019461078,0.5351282570976041,0.07287822644704954
0.9548841587493301,0.2862966041661705,0.06291668608094554
0.8722843157481766,0.8136611230389794,0.1463346056331394
0.980944825355616,0.08240794388130822,0.019667664758360175
0.44350596600379316,0.4382800473034214,0.04562755475832365
0.09190075993974987,0.8177037747448074,0.01828287356602538
0.9741423527110585,0.4087333326897735,0.0889431386734387
0.749799509555917,0.517749707186977,0.08644110165027442
0.021823839701681835,0.11703988347506633,0.0006361847370091344
0.9189181479131148,0.8140065192501122,0.1533064900667157
0.9883237323172444,0.49786740833251214,0.10854826133822913
0.9596863317159722,0.7324846740780379,0.1461809378018561
0.7869147674489055,0.8610882804114026,0.14059223534842372
0.2966559693093336,0.3378243931620076,0.02419904210860318
0.9138803560074751,0.4292892445894152,0.08739954693945935
0.8994038374773462,0.5941813411703051,0.114868378990824
0.3519226731605655,0.975677933932363,0.07725214001879464
0.525130346403073,0.9278691740482684,0.10561616735934584
0.9624936600982944,0.05848247626200964,0.013797886428868422
0.3975758821357756,0.7650218200353309,0.0691945196246186
0.9109414649089479,0.1575451012991187,0.03424766201420937
0.8989818444282603,0.3707980242325812,0.07538096690902327
0.4533508352406092,0.9267649888486018,0.09264252037175064
0.8986642764478409,0.6438651200806647,0.12306481337744767
0.7308472176862058,0.8227616132708296,0.12694052022967742
0.1882409515282619,0.4434141988273312,0.02025713752054898
0.9929847724717438,0.22723872178477683,0.05297003306877042
0.8469941495577017,0.5545847870158348,0.1024959065247111
0.9828875401885101,0.06381725610417532,0.015344442542700286
0.14930655950368732,0.8276311719925821,0.029608911850709844
0.5603646762336131,0.6316643991220647,0.07947364469130738
0.8580647643486754,0.6523691115879877,0.11946624051165833
0.9452881487599201,0.23451020166982403,0.05173125062505846
0.7056701990150731,0.4349475522251422,0.0698285303661752
0.28830292290383647,0.9741861932592554,0.06428992615484659
0.05911765610393152,0.8976776081085487,0.013001636283927302
0.42020852215493526,0.8442310376087411,0.07957579887962227
0.6338916982809096,0.3924046643347782,0.057522193858511726
0.08690815381122176,0.4930230187317424,0.010531241194718089
0.06972497886478347,0.6766893518310659,0.011581611609862126
1.000324478621416,0.06080271295805606,0.014987989461408968
0.9430884190936513,0.32933638395438253,0.07073284902824681
0.8969585093431944,0.8180833002357809,0.1506623381032324
0.7936993502536557,0.8167421386329413,0.13539366217804802
0.3116648167368961,0.07272101686450151,0.005609880491170121
0.05153040941631266,0.9625776575928219,0.0121641387672823
0.5848315827759432,0.3437079444285521,0.04711165259179472
0.9743705789577229,0.1774960727246615,0.040956409904482856
0.9695285456050037,0.519751464912526,0.1097387790283066
0.6421723108900298,0.6221285101363628,0.08865374138898471
0.9959826070543987,0.016789595586617412,0.004150989640846919
0.9354618928229322,0.5902780215959859,0.11837897615079788
0.06802806567470496,0.9838304840539329,0.016324338009575733
0.7391365236364014,0.7050858407898398,0.11215253000686365
0.8074531793075743,0.21003376555502998,0.04014302299134241
0.827992294640542,0.42439135798907696,0.07904449405788172
0.28259955800593184,0.10374287484520117,0.007240662557520164
0.1578853997403166,0.28485709883907756,0.011048489334950144
0.4120426508654044,0.3022269385412626,0.02985073915474133
1.0003485440183704,0.019319110428153263,0.004796529109420529
0.3362966097832942,0.8424692227762007,0.06481166711337076
0.9570930076385958,0.051729231983775215,0.012160710115224113
0.37718449802230153,0.8501913468087868,0.07260879430510768
0.9851384289185455,0.008895805535434675,0.0021816076304863813
0.37582465286992883,0.9787675621852968,0.08221733330227284
0.982320919323305,0.8270030258190536,0.16737250244281204
0.6813684213874261,0.7852109593263713,0.11467776153570819
0.9772540104194652,0.0480834870025465,0.011551469107478092
0.7006442881090493,0.20743926620697464,0.034645097073092414
0.7081948354793218,0.8498656310952116,0.12697870680963427
0.2427233565016745,0.43249481165503073,0.025309588004309977
0.4055811231641452,0.7121600700271655,0.0659975385471827
0.6204968613636497,0.4099256071864978,0.05872797571670758
0.5835268048963349,0.9429537746552827,0.1175248301094255
0.9706072204694908,0.03094913630412066,0.007425839664228967
0.6119978799573838,0.8029399687936357,0.10649044603382028
0.6826555589734953,0.60204862526199,0.09092231746208296
0.9944978942666298,0.041126231596934404,0.010074562045196028
0.2196729606426109,0.33239941197129846,0.017780491682707473
0.8805812169507221,0.3782726447389111,0.07531233379373199
0.9616277549926273,0.17604532780888033,0.04011539615667755
0.8414000396364926,0.41522193064071156,0.0786138678152685
0.8333205345195156,0.34914780471761947,0.066520188679474
0.6957044966665663,0.06385375314369202,0.010927929956772385
0.21814293143247557,0.4546661659115581,0.023951152152851266
0.8591360655974802,0.3014532795996775,0.05975073503137506
0.9340849842917239,0.38907675329060176,0.0816142179135712
0.316033749898823,0.5402978193333678,0.04034404777157617
0.2870815892459331,0.6835896920722179,0.046025106008736404
0.7966908404723878,0.6247523771782292,0.1077506665544272
0.5403533178545086,0.7427044538885718,0.08900087914640835
0.8475141953336761,0.4034370552512759,0.07710150255059124
0.7127073995902401,0.18181609656806932,0.031032846010658352
0.13679366442200072,0.8603879123445121,0.028256460968545803
0.3419905734945436,0.9070701468753625,0.0704345816439378
0.9759514092901445,0.30174797543567555,0.06753229372715279
0.9104392610431906,0.3551981042389819,0.0733534809499826
0.013120337343163065,0.7535523761658924,0.0024568297141972523
0.4775567972257795,0.2683421132753879,0.030691196074437033
0.34121295194752943,0.7894224036811953,0.06184908067798747
0.9699945600457198,0.45083989434581984,0.09673325878437479
0.06204150257451993,0.7881063937984786,0.011994792389975079
0.619581934706428,0.6175953818296679,0.08528246006585147
0.5185143761266382,0.9827933264471251,0.10982798526895819
0.2925334674474179,0.8611118791447846,0.05813608392413004
0.18852967521188832,0.6314291963322806,0.028569072047012176
0.10100859188619841,0.1864920969511763,0.004666456430300986
0.4315870099507633,0.8418942613263201,0.08133831160999797
0.5891169828145337,0.4212531663398326,0.057363742990384256
0.4555664190594939,0.028406514900620513,0.003214956898312207
0.24477671963390127,0.9522404087303549,0.05407876000877396
0.39858901118565004,0.3286209352650626,0.03133840026807755
0.6145409240419443,0.4084948925650229,0.05799616776003104
0.9219908235124976,0.6572509650148052,0.12821795644722445
0.41579715739117257,0.9344190167914914,0.08639806484318667
0.9064836290125408,0.21682672796185193,0.04617360846547008
0.7858304799962178,0.2796442830683401,0.05125011744379282
0.8508413876816582,0.1983421217393186,0.03995663044100929
0.9313795252004268,0.48425242654227996,0.09905083114368443
0.5447023857951986,0.2692577395449241,0.034932423786751245
0.17706136557372712,0.761199912347947,0.03219043909085084
0.7309855126812933,0.8486101948309775,0.13035867974326004
0.7312005148337857,0.6993383361726823,0.11027496875591994
0.23055073528116932,0.2446749573262514,0.013809919811930103
0.9471236548777088,0.12927212902986626,0.02940408300433385
0.39465887137120603,0.7080137263281758,0.06399398841638641
0.8069378886641955,0.19265385969276957,0.03694671131632808
0.9925292106308489,0.28260738742146646,0.06505557459344129
0.0880113105954878,0.7060196502839997,0.015179851225086822
0.773323575409117,0.06518959778944866,0.01237833292268342
0.2796091627926433,0.3094908579259986,0.020987180864218184
0.5490674333653145,0.2501730062476147,0.03281354980121017
0.5342805454923802,0.6441107767821224,0.07743925105310259
0.10024907346973255,0.9023183190117497,0.02189908490226666
0.7843752207039641,0.3910296304683652,0.06980934271132228
0.878427618667437,0.47901974135907194,0.092978516848347
0.8887416063718342,0.767273713701059,0.14158679754040884
0.43873081562531063,0.6110468641218638,0.06160052942264589
0.14061095588669928,0.7437336980942739,0.025208069535322373
0.5628877675564531,0.5068844864676445,0.06527196604262071
0.6157524720264214,0.8829757267958206,0.11626102692037633
0.6519736864975768,0.5065685165811586,0.07463590887447422
0.4691372815068285,0.34200577130186505,0.03803782323216923
0.069364359961123,0.962418028175356,0.016281362078849754
0.8223476938258936,0.5197848442349879,0.094226502341432
0.9539989667146629,0.20236117934984496,0.045417290814833464
0.8222753014318654,0.25730419990436293,0.04947572217949277
0.7544609746637371,0.5503942606016509,0.09178893757083344
0.19173945520115093,0.8482275465333355,0.038520175905842606
0.7832969166459284,0.3371506764773022,0.06081781704240224
0.18898000083239946,0.9044097241658194,0.04038242091271135
0.48377201419402444,0.6074645263526672,0.06706008495485014
0.8307058056652509,0.05014129507308296,0.010256346621222814
0.16758813139809486,0.47732795270722883,0.01943778761211096
0.847867389718475,0.3295638093050686,0.06410178033036706
0.7942051790012817,0.21648568178688476,0.04066405302627594
0.983169475111349,0.7970167327366442,0.16237091090244876
0.9280622132043841,0.42089888973959927,0.08709358024560658
0.9798958785188479,0.10318310853110893,0.024448585409267067
0.1269308826738562,0.3690706185502268,0.011500602146857329
0.5718895244608923,0.9148444266975114,0.11244730892083138
0.9460438629502532,0.1971927359449456,0.0439744288134238
0.6906866395072816,0.6720592565267871,0.10129620680229914
0.7045714785473501,0.9927416277365927,0.144285211172403
0.31591988864489723,0.20948547400649528,0.016155054607402426
0.6609436283682015,0.8538597985125335,0.1201219943232504
0.9804874898526209,0.6989107852273501,0.14430189006409613
0.7652589772836211,0.22167502757678514,0.04014935787706138
0.40395016800322925,0.18477173225526128,0.018173132455774947
0.9517794327587227,0.954157032180513,0.18073291261325844
0.8564581356908595,0.3404375276040052,0.06666787638669808
0.19792703815172946,0.7668265518946733,0.036068047628457695
0.0003369254820549213,0.9168382333656578,7.699096256171911e-05
0.4355397410319671,0.3538217142449822,0.0366120742205365
0.42187023294017945,0.7857072386313312,0.07483454269301197
0.013514342019231898,0.14671926792360157,0.0004938768878808595
0.30375754014563505,0.541728557015512,0.038964236372200166
0.9895034914174731,0.5968611609315305,0.1282065182697113
0.8175084464163315,0.7899008474120255,0.13499303188535822
0.32874599472259364,0.27863227515997396,0.022181956545384452
0.41038443807396596,0.41363351134707455,0.04013807166881755
0.6649278040240976,0.2413521450846822,0.03808164815681096
0.9950571945836836,0.25714524855112986,0.05987477340041334
0.7140669684090141,0.18473155683441483,0.031572928640365296
0.9490476657134964,0.19386454890431074,0.04339631265775157
0.8847158028731125,0.813827670155021,0.1481718604862876
0.5991181140307226,0.4229841881442263,0.0585147809672906
0.749624877045502,0.25592050515822606,0.04510460045449159
0.49751294701782484,0.5909028517654117,0.06708547828708379
0.16386603462741436,0.6042722960584557,0.02391103771144406
0.5824650434228534,0.6468580270601879,0.0840808075487397
0.9284442931518077,0.4849443269772881,0.0988662302652195
0.8590923460702966,0.06515419737010752,0.013721937187307316
0.9968113382489019,0.005626050679392924,0.0013971471267807385
0.8014901056088324,0.8306214369712569,0.1384770680931897
0.7127363193792432,0.9833022442861755,0.14450669494295468
0.9256834192611104,0.7846098526726795,0.14952536591908058
0.9487100754499967,0.3156034899782732,0.06839394410668377
0.9348810935500462,0.7053337045894537,0.1378715575561245
0.08287027728754505,0.2991810731982466,0.006130666603901025
0.5076023307613065,0.7407484828757486,0.083918651575154
0.7367474595875972,0.7814660277720307,0.12222991962355403
0.8332375852967744,0.8437900452639759,0.14505375835620052
0.48248013184189126,0.5551143840748604,0.061567186075455346
0.047012588254673984,0.9416213625858931,0.010875275522247176
0.9866867690414838,0.018325819375109798,0.004487110728486756
0.1599445608612897,0.8891839058918615,0.033891603700006614
0.864107203220357,0.38975848334991353,0.0760574204546432
0.6917001992058408,0.23174012788381404,0.03803423097929085
0.6074253747936841,0.5343942272533609,0.07348261789763946
0.968895444602658,0.9446902786527568,0.18289859083542842
0.8431537493516503,0.3030324268193135,0.05900012212031562
0.9669840722555564,0.27842561210077327,0.06207888480160632
0.9291481078660605,0.25486958765412465,0.055000648377080325
0.3920092230864337,0.4450763058826466,0.041200717991349015
0.45599028877939396,0.5045482589579534,0.053443411729675434
0.9211038702993819,0.5534973520744925,0.11029246228998038
0.005236089767192324,0.9955002834343923,0.0012969385811879746
0.8463891492612247,0.7926619192137531,0.13946696787594845
0.8580009797352675,0.6221792294411628,0.11468663604262302
0.46611765175448355,0.9889601476818849,0.10059257910468798
0.5770109798309938,0.7535131086748065,0.09555229854638153
0.9682181344373244,0.5381433132192781,0.112976248204434
0.3355144439517418,0.32973171649909216,0.026628343986852564
0.9522597621121279,0.7884287034284043,0.15433737283223878
0.595726995472253,0.30319482929164504,0.042595312129922513
0.6141841300261877,0.45349788948065145,0.06386814972932486
0.9720827989217936,0.13404169724716472,0.031232211769036105
0.6283146107393845,0.4031129864471294,0.05848808367218714
0.854750478146459,0.20345524067614962,0.041124370762419794
0.09659960009239785,0.26231334044184956,0.006264541137557339
0.8620344649584408,0.7463223600913118,0.13463843487090538
0.8976975595156719,0.0635639191391969,0.013984953847532733
0.7798896345467269,0.6468760427088738,0.10903643586701721
0.8869198483735194,0.7360571428957441,0.13638102349734982
0.8138897883202182,0.3987588451279414,0.07352286269330716
0.7010068468226703,0.5071825303221235,0.07981276187502034
0.9314540777997936,0.22872062776362406,0.04982733070659496
0.7899148897026061,0.6501941808471887,0.11076702246058882
0.4698495998168559,0.9712842642006732,0.09968760585817023
0.8144662464882001,0.2987130847246813,0.0563638046882663
0.19147457450002656,0.391228190495662,0.018228061983894192
0.37214154002381883,0.5167401826213637,0.04516672836574399
0.8997367957176999,0.43062802041417775,0.08638033125023885
0.6989239234105539,0.586798571438141,0.09076682878021211
0.12225151596823874,0.7378377872921603,0.02184051433902924
0.4398645089094844,0.9562672548360988,0.09272455003050155
0.7607019000161697,0.2842011637487914,0.05047021515058978
0.22460047333240005,0.6485472070798252,0.0346810994555868
0.7933937621987412,0.6962159966701554,0.11802688319968216
0.3022688827928804,0.2927207490124872,0.021443665322609745
0.38337404070334025,0.562265662780428,0.05026672865265743
0.7366718896336675,0.15006226330533612,0.026636454746233246
0.9063961908617431,0.4326307908047872,0.08735620981701321
0.13011029125940457,0.6692972985745201,0.021105270361717294
0.7762403955472589,0.42278467327012775,0.0742506863318742
0.8038826633835691,0.6331843992741162,0.10991452044006574
0.1910938894569294,0.9674359524936768,0.043490271749932405
0.0779524440767158,0.6830648223096253,0.013044459640112745
0.4885822604131198,0.39162483308002616,0.0449663858084129
0.9092583945292366,0.1872525697200981,0.04030406619288533
0.3729280158943968,0.31707756025806766,0.02840444475637493
0.7069141421811553,0.542556228317219,0.0854906824120894
0.4978369265414508,0.6012233760065967,0.0681993945750659
0.33984840789751924,0.9130271899723723,0.07046960085543262
0.8390962551278154,0.40845736148814016,0.0772841322222742
0.9799156751955918,0.5509159648967357,0.11713811578017451
0.9828838396693735,0.4104853003766573,0.0903255570875669
0.9291554329709282,0.15238988111493432,0.033807075722960295
0.9920936601310194,0.040542049500209454,0.009910400952605182
0.7820304660316454,0.2331827906728085,0.043006856543266164
0.2832987103476148,0.36899312372979093,0.02520617974210387
0.6567190787260698,0.5113900218032627,0.07581733756885502
0.6898078607655941,0.6628429525167991,0.09993258184772491
0.09598852279759067,0.2753088157611292,0.0065302872215815015
0.5543270950654237,0.13796807286695537,0.018619527124115177
0.9357997834302415,0.788039594503992,0.15164132461534188
0.10055192736742491,0.6703605841024839,0.016441164197560976
0.22343180436210905,0.5123823134831602,0.02751467424552099
0.9503336405530641,0.816736435969658,0.1586604252623898
0.7450729894700712,0.5490752688700262,0.09058827062063356
0.9562437897777035,0.825332906384798,0.16101656238397466
0.4335469520648223,0.338215312471576,0.034914121717575144
0.8885500944618675,0.5757605479445136,0.1105328291469232
0.187136804621412,0.753301864708477,0.033604344600660196
0.5550674026142978,0.8271039370247953,0.10026533214278013
0.1427883115860933,0.933438470851581,0.031848496351294345
0.9373127028624099,0.1449946949362273,0.032506625960213156
0.8708631628320725,0.7455802110439376,0.13573476967386072
0.8396102740114488,0.13935139386782236,0.028142025422850648
0.9529008304860707,0.9065287561129269,0.17347372080775808
0.37476206926524686,0.640176808589762,0.05557237013659265
0.7566949629300092,0.27048885645449733,0.0479434839269059
0.31219445951697505,0.3018739669819622,0.022797617406571078
0.9364202472919931,0.07334206755163764,0.016767052080676834
0.9286554199412406,0.05258557112249318,0.011999301064840878
0.0863731940498856,0.8074751283544688,0.016994140897009357
0.1178192391950308,0.8133053357896828,0.02315888897173394
1.000857126418493,0.004971612459417907,0.0012400564060559094
0.8698689197899212,0.3300553440974975,0.06571982204192406
0.9000705951546072,0.08908685661096251,0.01950495845995819
0.6759977921165252,0.31359612122321817,0.04953307785288032
0.7694417686067508,0.736208582684992,0.12059705664413786
0.29796089905096773,0.9073890330483317,0.06206281716788875
0.09122867662700007,0.8886019451763882,0.01968361025620849
0.9629481045629773,0.9483208818699418,0.18222976130080912
0.9808334463682336,0.025403921371643712,0.006169631362394109
0.7050468186260926,0.7380385851991209,0.11196616252077156
0.6646503482856175,0.6726000765684877,0.09795507953000222
0.5872640633070054,0.6251876404890219,0.08212849962611031
0.1778050662335529,0.6376241879130655,0.027260629228722858
0.43449529124254216,0.9280755115196571,0.08934498277234602
0.9626527173259662,0.43652097570616094,0.09319877491583031
0.47594456064530727,0.40969260241546834,0.04577555585002196
0.09343757408128889,0.6132452258279074,0.014018411436988995
0.38354732047077095,0.7136130654072558,0.06278880577285328
0.7991407816063022,0.6201178465663857,0.10735713454662596
0.8878960352250739,0.4329620697161363,0.0857548656126215
0.7214177762468738,0.44189808744521714,0.07230451887354802
0.4086047582920355,0.645995113440881,0.060735496706983805
0.9149139227138321,0.9178637888673252,0.16874294400871728
0.8742012434930403,0.1847951614868486,0.038345481689312594
0.5167431496698637,0.695623914898594,0.08055121123886523
0.3985342947745562,0.15500025486566668,0.015101270764720882
0.4319533473902191,0.6916197559832666,0.0680572270404582
0.6254845945690755,0.9586338310644201,0.1264947429009381
0.021758158242160937,0.9849849877499479,0.005303609088423599
0.9075484820893175,0.6632952669932004,0.12733384727867153
0.9717745804608244,0.1635881623222369,0.03778538912879019
0.1040724020736216,0.3949106472756698,0.01010963556471582
0.9335713200780559,0.27799521264490146,0.05992212327652665
0.9405499461084793,0.9022150797159882,0.1706385128368158
0.6826254235129406,0.4771535238392063,0.07371594691743909
0.986228651484175,0.4304962777294132,0.0948219124126607
0.0993108006902059,0.7889467175443293,0.019041761149663265
0.6053258626708541,0.984152999931121,0.1258126782186186
0.6165746933574605,0.36972579265242883,0.053014843251094124
0.79950570837929,0.968932869316235,0.15721375763221682
0.18356524592036025,0.9290263877654196,0.04029720504992824
0.9733640221726373,0.1776925857619811,0.04094652804997235
0.6573544171227422,0.6088516168445476,0.08880246138355989
0.3821841859271968,0.8129445546469997,0.07055409020000897
0.8365729536324229,0.1627551056294232,0.03255305213427185
0.9279016912405277,0.9789826330961565,0.1801918146811442
0.9775348914435553,0.3579102365180006,0.07917420102174656
0.990505704796547,0.001025921353463799,0.0002536862542606653
0.019856355212584092,0.04362992380630637,0.0002158854816911273
0.9661680264231887,0.028871525898551353,0.006899332143512335
0.9396410368865522,0.5813233404798762,0.11729153464926877
0.8765229744712535,0.5754834558808684,0.10911513790729006
0.9891186726853612,0.10175442424937033,0.024354826807464747
0.953495644057608,0.2540409137926392,0.056212723276989895
0.2388521297896746,0.60414585456393,0.03437178833125773
0.9368891415806342,0.08373669468714318,0.0191008663161284
0.3649663704471396,0.9977636809229763,0.0814814598029739
0.24515938336955206,0.832346124500704,0.04774231751855269
0.9441755249519054,0.03677735766732482,0.008570991666118659
0.5646707460215481,0.5675398131484446,0.07261336021848146
0.71589842729935,0.6093401370451036,0.09589434019326971
0.9981578075313527,0.006926579514268227,0.0017217596682330006
0.07903914826184845,0.17908387391323455,0.003512292845342237
0.9917590194047896,0.00282703218662006,0.0006994510947892269
0.9659104238835495,0.5414661617187942,0.11328048310480035
0.6835007582185314,0.10685127402373995,0.01780224681110418
0.4555503100158172,0.25795495876099034,0.028232022401178274
0.559815874562989,0.41689604063310265,0.05418781217801313
0.39468840075687933,0.45361612185327643,0.04221706657052205
0.808731370182913,0.46814659094390076,0.08454045564970783
0.12174958162315244,0.9275167008723263,0.027149698312755922
0.9690249867801058,0.25877108942215044,0.058113803609186075
0.968593504537718,0.18789021078453788,0.0429835770137718
0.5635983175168998,0.764633787879766,0.09480289352825261
0.6349434945982996,0.6592989106403151,0.09240050283272201
0.4230467428767997,0.2119863970193987,0.02173745327798536
0.6539321303026252,0.23054234744899116,0.035876322797720996
0.8574364431407743,0.2242465841766698,0.04520853177127021
0.8830238825513751,0.48188496869150826,0.09392560041064041
0.23743918173929887,0.5648396490529686,0.032043543404159804
0.23115784010435148,0.9760863665365013,0.05246290115648107
0.9452149318049458,0.7939457167905265,0.15402186910861573
0.943018850530633,0.11831348351995137,0.026884251782470468
0.8731726079619625,0.13500759743500113,0.02834426441921586
0.8171380969583181,0.07358105786436786,0.0147202201685417
0.7721335113653438,0.7355639352100827,0.1208264882651837
0.7163804212032227,0.6701868201014348,0.1043815717349233
0.9687649265801923,0.3989347623075307,0.0865062347136115
0.07202579748294426,0.5246784657023884,0.0093040061732029
0.9241765637813409,0.3954319565319769,0.08199233413584027
0.704327857555887,0.40644725351154715,0.06551117429748957
0.7786961103516539,0.2180467557415973,0.040187096446052846
0.5255767564557543,0.8328090634501139,0.09610043175327002
0.9593484149627963,0.11226259446550861,0.02598236331194712
0.9533573775074691,0.10862827975822453,0.02501131154514197
0.9567592585687807,0.6372612878588723,0.1293230613747481
0.5972383250758987,0.04232872142225974,0.006255736562212103
0.9790496894910221,0.04771338555340965,0.011484247827587005
0.9713982694929316,0.3192719826106271,0.07077169456296349
0.8085296375740293,0.21120551150484898,0.04040830739867386
0.39361958271807057,0.776245848784648,0.06949704400560394
0.649299465264636,0.7972413245993594,0.11147954784138626
0.9389780488293552,0.17178831904492098,0.03829325033121141
0.1263444228650577,0.9549361640684995,0.02893946778725906
0.45489250023998223,0.41140078086737386,0.044023036948213294
0.41683274957859856,0.9396418119783944,0.0870195735012137
0.9632370598234753,0.9267486927535599,0.17881904225400536
0.2110917165280655,0.7155717419428654,0.03589940413854028
0.9973865668444832,0.019462110803344146,0.004814888852469115
0.19445787887431054,0.7973993000554287,0.03681247061912551
0.3582831913203529,0.9007551884531134,0.07301777479515277
0.7960204706559894,0.5238628197795624,0.09217243361056532
0.8886920706865147,0.19716268890848357,0.041409195279750816
0.676667318936844,0.6274678298535875,0.09359801504081318
0.5665602640079557,0.8400823557331749,0.10349732413184064
0.8110620398407293,0.7241634885127676,0.12444315494066328
0.8861254209139116,0.529018408139046,0.10237097186329303
0.5144053975639846,0.9640659218589636,0.10726985764371703
0.8787146316197157,0.46875420713038884,0.09124238068008934
0.8215378038964634,0.8111059664320012,0.138620458438233
0.6235675019142783,0.8652768702637043,0.11550597570559461
0.518975720888243,0.6298429326531004,0.07391082712819023
0.9775037923448272,0.046911643781830326,0.011275545042583325
0.8559430314517542,0.1050761127401051,0.021812908330621376
0.9443932272749401,0.085514732721888,0.019646410885935904
0.6855728744970778,0.4753326637135305,0.07376064442022816
0.8543071143846296,0.37678132439923184,0.07298963173652534
0.9109036370691383,0.1796478335633931,0.0388155895253332
0.9446832265664716,0.3488680938698943,0.07468931469725527
0.6774499473976491,0.6690716801880974,0.09915318650358645
0.6068657013040354,0.709983945124857,0.09481053522308543
0.8144576107796849,0.7399753736556677,0.12729209679237158
0.4634436545498423,0.3049182331220783,0.033705973335517225
0.9395465035250665,0.909240810013527,0.171508774562437
0.3558677453936886,0.7909721325783341,0.06443148703087122
0.6870859785106622,0.15380728780750696,0.025496121173322946
0.27403003535872905,0.748991711948692,0.048011188985264366
0.8976731201304399,0.40300862274320715,0.08120725677804465
0.2160088200451978,0.9914071607390613,0.04994537910115399
0.9497784236367257,0.21160772639458297,0.04717603368143814
0.8660156878941009,0.4104755828190501,0.07987895944775511
0.4318986602351206,0.943287575105535,0.0901454926689295
0.6207711024332095,0.5802032446705759,0.0807462424340981
0.38581648140473457,0.8926425693214931,0.07749032884136205
0.6947394211943194,0.6260769020437865,0.09564048400255308
0.6302421167000525,0.37224907847998484,0.054467647236647806
0.6922259411772114,0.7186592888929085,0.10766310626488179
0.6650501222126505,0.9334943006360119,0.13037711253983517
0.023425612326133397,0.5683525356697424,0.003304105384129249
0.9951445592896527,0.01875603916787849,0.004629774888380451
0.9989529763927477,0.14116888873672462,0.03408599969081078
0.5629822160277022,0.7899033773343547,0.09750164775566082
0.7579349742536181,0.039707852222457984,0.00743821875821225
0.63564665637501,0.8960113086608171,0.12105259219307732
0.7357993006528593,0.47378688679641723,0.07844634727387716
0.9008146889104753,0.11715694941545259,0.025469285051415876
0.07474047016983551,0.07880772165597404,0.0014654078008977376
0.5492560681106882,0.9827875382541295,0.11549376960469138
0.99818210454337,0.06445594702461765,0.015761531597875068
0.5707057049761473,0.48948325017987077,0.06401862638654748
0.0374851873402618,0.4090067350838403,0.00380231416411371
0.2936672237842277,0.7651031831615323,0.052268042772291336
0.9960757016898055,0.07251445258539457,0.017641432315458876
0.7823206990880809,0.9866823001504718,0.15675858430612902
0.9231393527119405,0.39731766763754617,0.08224890642779167
0.7833713242505801,0.32845619115593017,0.05935603669961111
0.9962653537927013,0.12515699040614314,0.030061638069279164
0.7333109299949013,0.1114578007254426,0.019865688075543075
0.644291997047841,0.9845734020457273,0.13274117392204798
0.10622343608255133,0.5789395339218827,0.015024334713112772
0.5782755045443755,0.8920925954476436,0.11107640639577841
0.9781102586677191,0.015080181075462606,0.0036644694898967513
0.37346738864107704,0.599698675514195,0.05211516382751057
0.9085107461289391,0.8804914776062093,0.1619343608649402
0.1422586299670943,0.49914664183094426,0.01729715108458979
0.31739790186487643,0.7949051162030176,0.05821173506462223
0.9672760592204315,0.05517228920370765,0.013093080268674262
0.9446796271054688,0.7303591821397812,0.14352347090655962
0.10618429728061389,0.7729027325200477,0.019921897385293482
0.9618981076511813,0.06646993518474575,0.01563487119529352
0.9699306161224572,0.10505916153339658,0.024631209475306393
0.7247237964181465,0.390094660978529,0.06476446182515812
0.8982929783911628,0.3260886900284598,0.06696494857810796
0.7869691992675591,0.7504645765974757,0.12497541397506216
0.7879842511682102,0.7929782198838582,0.13118826531229502
0.606684144037388,0.5538289050910585,0.07580067687373335
0.1222425523809348,0.8217382528417507,0.02424608413891358
0.9743092518674172,0.6108688451669478,0.12721311945648914
0.517662654915773,0.4336895128419815,0.05224733589948558
0.4436163507142854,0.31032977376330656,0.032868712909171295
0.8880709414192899,0.7144267683506478,0.13313177807542548
0.5338456621910784,0.9021746805371167,0.10458902630379327
0.5270546435961904,0.1936189729139315,0.024641566048315328
0.036764631464351674,0.29182740316206723,0.0026651426499090334
0.8917944898648168,0.3013162515084041,0.061839200936479155
0.44850148639155923,0.5998436159375025,0.06182230419500028
0.9514447624191488,0.629514849064741,0.1271788394749344
0.3886828182851427,0.18213052102307392,0.017254684779068184
0.7133304538329768,0.7805982323565067,0.11875754131140524
0.8277442801793639,0.8968086787345559,0.15183694471071196
0.755374349708027,0.7045879546759028,0.11425936430025616
1.000040601975408,0.08013843190247738,0.01966352980821759
0.7986432109097829,0.8056675785340206,0.13455927956969366
0.45209787471804325,0.5342959916653044,0.05593108724422424
0.9623599278003854,0.2700495074131394,0.060046380913541905
0.2500654752190771,0.9505465149188868,0.05506592745879182
0.3812737112829998,0.42194509383900175,0.03814180234946271
0.9525316606600749,0.2608733295533689,0.05756953957051096
0.2240480178145353,0.5599244573738902,0.030052145803460585
0.31496018442671886,0.9424257275398952,0.06763936688996885
0.15225729316074552,0.8846272890664834,0.032173869712957236
0.7078347604539026,0.45007024498170345,0.07224818896373535
0.9822379970903351,0.2065529219182682,0.04769493019644106
0.9332805506830332,0.33839263309609363,0.0718129491314258
0.9127836019664565,0.6019168927797107,0.11773572253392459
0.8672246383493346,0.042285690553295674,0.009044216348215364
0.4646132862311647,0.33999794964160024,0.037490852120626
0.9214098768219999,0.08169986416871246,0.018340594319678372
0.7516060166911941,0.9712389049798026,0.14952061833727404
0.7967956706573888,0.5887796436386907,0.10233177315226655
0.9682032084179605,0.5076770927409894,0.10729445355647854
0.06833493302566342,0.9807495308962646,0.016342328216023865
0.7189629549222399,0.37033127147123357,0.0612719487891779
0.6322549823693958,0.7863135837363124,0.10756760260647386
0.6071709902490138,0.7059277240240579,0.09435042531313269
0.8616349675704237,0.9621093285144029,0.16651814905495832
0.7875798355530403,0.7216828155012924,0.1209320116995987
0.9878244924810899,0.011431790806055166,0.002808542167381674
0.820454287492083,0.9275036108488357,0.15501357985098838
0.587396878897894,0.8225291560335838,0.10486205042267595
0.5285133224329288,0.6817147437191436,0.08074406620247583
0.011366821784933989,0.7338270112520784,0.0020733944391868047
0.9683707463009608,0.06819782745709435,0.016139032176188516
0.8494885764791804,0.1636792861972482,0.03321503182399586
0.8756525237450307,0.7490629423830294,0.1369194708398858
0.67929340035011,0.946081871171637,0.13424984862148256
0.7502204375465035,0.544182012734275,0.09042708258708246
0.9901431892057035,0.31084697644753156,0.0707592726910918
0.9994638277580332,0.0026687182800193554,0.0006650798461331855
0.25996544180424047,0.4213822405569137,0.026371608241053397
0.6554403174868828,0.5718626518523574,0.0836978389224439
0.704847025518794,0.645126883963995,0.09948019564607287
0.1884134488223448,0.919738653068863,0.040909884472946384
0.37311866577781794,0.4745672117057624,0.04177650737995992
0.5973505240857067,0.7117085259526298,0.09367992182309226
0.3737092545129591,0.14347570106052632,0.013143472993891635
0.8854613887004762,0.17340274022894858,0.036518857033148874
0.10809386583834196,0.7690697063241299,0.02017225698575098
0.680504708567298,0.38564899221738175,0.06045814755878069
0.7034009309281457,0.8235079742776445,0.12288656652088045
0.13380417448910426,0.9441999614382361,0.030247870699511282
0.9822501180929444,0.2100748930090834,0.04847796088879458
0.9479059298731269,0.6631780928648087,0.13256803132510464
0.988878536337456,0.03059563181997127,0.007477470260627319
0.027876259073139748,0.5934858497511737,0.004101520909969069
0.9753750570410021,0.8776222913583389,0.1737822122340802
0.9762810400841874,0.06348308491245691,0.015165267454238938
0.5789273098176696,0.8502380653214595,0.10660179640633764
0.23630066385928478,0.9833112696494408,0.05391273792116794
0.8112489623060851,0.3507263572722451,0.06515874255873129
0.7353230198663182,0.19889436673765284,0.03484848732398157
0.8305681269264008,0.28614681855341023,0.05515685398145523
0.3272613184628418,0.7164136248856784,0.054387683517253003
0.9185458020113494,0.1875638280085199,0.04075695960791376
0.6419436612621937,0.4825255739009053,0.07041410170883163
0.8406099739128924,0.9487262814172491,0.16122052614686033
0.3458555937510521,0.961192681900739,0.07504301869234485
0.5375737413563709,0.5499498471596864,0.06743431132994408
0.22125664136417325,0.6450390852053063,0.034009673461162605
0.9126517318279281,0.07103340398235758,0.015848442981595746
0.9111972169572977,0.2513002116555291,0.05330936182794274
0.4220985132003566,0.5538208832195546,0.054247061977136385
0.5039811297471309,0.49309508889625747,0.057438629483614084
0.9318666020412978,0.7917771935455912,0.15166199784259285
0.8052139695932751,0.5297229041586116,0.09404428133028889
0.36053661872287773,0.1380390623083687,0.01221279688666108
0.688886520247531,0.7316626417057107,0.10888675084838847
0.7931875324332015,0.22959056463125357,0.04293991710590475
0.9411685344334942,0.33389713519302067,0.07149154236482602
0.4423612524909223,0.14288465234273806,0.015445782931010501
0.7509827272540008,0.25370906595822634,0.04481357478372179
0.6407742686886054,0.4692539074073408,0.06850951948137031
0.9723514017610296,0.26313706264700354,0.05923786807958082
0.9722101357597134,0.4181252034794181,0.09058622030482019
0.659519988329577,0.5556058379575538,0.08201608497796892
0.09114867485318955,0.6937956439472474,0.015439448845500938
0.9072442333558454,0.04724166153557885,0.010551411422551492
0.8555937768815034,0.9599740866892964,0.1651842373046436
0.14048424955716426,0.5589773082717091,0.019086087434380474
0.9884349295802347,0.504952715167989,0.11003379175203519
0.6748325033587761,0.784277096777778,0.11365487613664249
0.2030853126203995,0.6872688124514961,0.03328416725706976
0.05772563112572486,0.5653423303002892,0.00804774261569536
0.13510164917620426,0.3151466206367846,0.01046820698208558
0.9766572759755884,0.025721182293038325,0.006218217098914152
0.3846188530918246,0.9443701834524335,0.08130834511138813
0.3710222797756292,0.4961725575650154,0.0433361672448616
0.9743913745748037,0.37480028803290794,0.08226507635036262
0.6256946022559677,0.8565816349272412,0.11487131527052202
0.3773673961255571,0.6292831855177052,0.05504966080841318
0.08441917245686283,0.48360591858982355,0.010042803944764611
0.15499105179727019,0.908239882498652,0.033553284662995814
0.028479503144369794,0.3635707390327586,0.00257224168662846
0.7571007222505933,0.22340718948708063,0.0400376847538638
0.9229703221058655,0.012013671768896896,0.0027586466566317798
0.559181273928403,0.817249973480175,0.09983816949427263
0.3282564821246739,0.8534153282550749,0.06414314491441726
0.599991041976609,0.968442276510028,0.12311956524871727
0.5091085616912466,0.7187299596698168,0.08188097277467199
0.5649410249887905,0.33842701521959556,0.044937572059537204
0.5900083695316578,0.37724530087469516,0.05183832236071513
0.2965417086809429,0.2278546774288368,0.016485562462852543
0.9660341963287604,0.3361256924503325,0.07380208533351466
0.9383638476696874,0.5144959845408812,0.10520825628399948
0.525319976565596,0.9620187104932026,0.10906744895500928
0.7671260840176174,0.6166875455130612,0.10304388542428594
0.6679987916900398,0.9769404994876413,0.1359712448536656
0.6167310785464145,0.7890523598368528,0.10556479051454508
0.9824309805966622,0.019879363914613202,0.004843922404365673
0.02523263418178316,0.15253372347401886,0.0009582594011472633
0.7607403512875711,0.9014225540534462,0.14194740487722682
0.9966854525398608,0.10101534506725783,0.024421680826855707
0.9436633970782532,0.20276463894173394,0.045033510875741825
0.8433319326840203,0.9075715758006841,0.15577637583185155
0.01874339896093466,0.34826373012090495,0.0016237995885794276
0.3031131737420153,0.6834563946043982,0.048438650553756395
0.21975290908178335,0.45276184311901496,0.02402711728665107
0.8273838258618902,0.5086223651652924,0.09293500801107378
0.4407247066035493,0.5632272591223364,0.05737027101751087
0.6298036259784794,0.7722504909311193,0.10552532148151601
0.09453649642865466,0.5186850421208601,0.012027852879314963
0.33991733030066246,0.7871486790078227,0.061499299205837146
0.9909935391608133,0.1692918940966765,0.03989075589519963
0.9236082443613989,0.07920589744998753,0.017836028141506005
0.8057006544149684,0.10364577388513885,0.020293538607754548
0.4443961747863466,0.4529085906289296,0.04714971061650384
0.9824771817397925,0.7429260272694482,0.15270106535269762
0.7058871726700123,0.1160034964722066,0.01990688639819178
0.15485745239297893,0.1786009050937399,0.006832181290641968
0.877527527867315,0.7722414796550592,0.1407780711862159
0.38541250265087573,0.32460064012272893,0.029983104487537816
0.8631684206601964,0.8060312141477479,0.14388358209101898
0.9570821618021317,0.11486181603755452,0.026504203838807375
0.9754368252671779,0.015461693608692763,0.003746383003758871
0.8806390087475948,0.3444788494230872,0.06913985707267684
0.7335494966527352,0.17027339074395792,0.029956116040511915
0.9986769013132584,0.04904776563115498,0.012052306208961111
0.9217424529645798,0.23502623932446923,0.05059879830731053
0.726730398720095,0.31255899474578097,0.05285631212874453
0.26504915003887686,0.7171667189314881,0.044657104612764696
0.01692285635505575,0.16822204457615245,0.0007090089343524768
0.9949021583255901,0.020490361383498912,0.005054745107921323
0.7814653457097086,0.08399530626623618,0.016039684688000207
0.39310307991515003,0.41332092337840354,0.03850194971354009
0.1783821479424887,0.8230452964062097,0.03493493492733687
0.9889790887652228,0.022665977370189605,0.005553996370157369
0.9385273299223905,0.13901472429919487,0.031254704378791895
0.9256038260568267,0.9860838883777733,0.18081149856626144
0.7455812449090012,0.9937477758241974,0.151434962777131
0.9320950904610293,0.8214235408405995,0.1564500213155561
0.9478824983167661,0.8432822043558907,0.16245958653450243
0.9385261838210593,0.4013177413521154,0.0843120602875247
0.018585241952326224,0.6671306623451159,0.003077812438973318
0.9550640559600244,0.18934000558562827,0.042692099981996065
0.9995615816534046,0.0567101238983192,0.013935968317033347
0.8655199910650511,0.32495677265585654,0.06450243098525366
0.9001182710035424,0.27836551859794684,0.057965585809566775
0.2116459587083616,0.3122046098145251,0.01612849140564377
0.9957461714848997,0.0020165869773706158,0.0005009847269859846
0.9761754519850927,0.031273340713844355,0.007544825327931024
0.9908274385295884,0.22776183375417336,0.05289247505795618
0.24588705742197442,0.8699960358160745,0.0499095472681747
0.365893807528004,0.9182340841328619,0.07575780748794012
0.29301096103917496,0.8081417718470043,0.05488845991362554
0.7439414946187928,0.376842664114508,0.06425913913326908
0.9074638617170389,0.31380285723322066,0.06524852713127571
0.7189792861023818,0.6620718577200123,0.10360554014557076
0.21768354542820229,0.9105039377274456,0.04645783356296807
0.18469145072434018,0.20952287701295796,0.009526860242211903
0.6637363894115865,0.5448733365187299,0.0810560325005653
0.21230617858620165,0.9241054190682532,0.046009800360267465
0.835570560561905,0.2798053357617506,0.05432097424421497
0.2002965142301821,0.15960717386464157,0.007886655486525838
0.46856469337545026,0.6681258535871232,0.07105683390398573
0.8433205418804407,0.6046506922174906,0.1101226833803164
0.775920962829894,0.573127379782352,0.09757148223214243
0.782759404088308,0.6556350589189501,0.11070517230886366
0.7592935710760897,0.23890386684572712,0.04277303726924536
0.9950284319366018,0.465021372707415,0.10442157816675089
1.0000520650813183,0.07780249843048824,0.019105767092198897
0.9485143278282546,0.8390888117907013,0.16188366119527192
0.9223654803581969,0.01983619014128113,0.0045407278664866485
0.9901652261660966,0.022403904857409843,0.005496220196954904
0.8226287978457046,0.7586714645683619,0.13113573885206692
0.6656240898544766,0.6039750393802741,0.08914840588357535
0.7089567588115404,0.13074783281680766,0.02246032107738079
0.5791691001200833,0.3598446831507598,0.048735770595017415
0.34614897005316786,0.8708048524974218,0.06861595335533055
0.3915659967281053,0.978133116954041,0.0853093143387322
0.8449644948562955,0.7071811457175149,0.12638390529079988
0.3804263174180287,0.16087298098539035,0.014965520552686214
0.40060713548044113,0.8785227420835923,0.07901208513167411
0.9578763889724796,0.16189543860579744,0.036890257098332366
0.4105487181305541,0.6790429020654105,0.06386813716209733
0.5724715784589266,0.02062554042206322,0.0029347061832418536
0.09162574038717455,0.567840842162321,0.012750549389686968
0.9857539281998301,0.7795104788250985,0.1603887190070884
0.9076660967588795,0.603207184321962,0.11729092102402992
0.6769126183977575,0.5724158915921469,0.08624051704842808
0.9787340539293512,0.5240127801268154,0.11183191252893368
0.9970669944676429,0.2095354911254434,0.049580101737882784
0.596636059832395,0.43125503952259153,0.05933060855287972
0.8065837577480468,0.11112654414817762,0.021736644939942984
0.45460269339605996,0.8502387156255935,0.0859956417204285
0.9757463289710196,0.248260028619482,0.056303503339382444
0.5961459649770496,0.7139643954380468,0.09375982356417333
0.8726831668552124,0.7100737614338223,0.13044770758329574
0.4019871474220836,0.8687164763985304,0.07847376729155718
0.8472790980460325,0.23379735399923604,0.046503439658774
0.3941860911772377,0.9260474455537887,0.08165401497490075
0.8059261951559803,0.11394238821447374,0.022255518162580628
0.7580987260741764,0.43259718039510664,0.07420063140422542
0.6817425670857531,0.9341463207493012,0.13325977785292828
0.715857418215988,0.49468897320208693,0.07955719930678916
0.9922684745385092,0.4879561474538505,0.10782738964570912
0.5712825617583243,0.1815088871655286,0.025027445627020212
0.72783828351829,0.37478354659104024,0.06265404993146892
0.4246462701308716,0.33534184912168014,0.03395047558102092
0.3897393396108614,0.32212041531864616,0.03008794556232115
0.5305752346411347,0.5064494411049029,0.06175283170036298
0.8366215888255506,0.07792888496890003,0.015935097027288438
0.4708726145970878,0.7798774734043404,0.08212868311224844
0.9930588470164634,0.38252290811776446,0.08641138796960837
0.6479361512019766,0.8270079678048513,0.1148374604023351
0.993361493028107,0.021159968460002454,0.005210516085533326
0.9412048151090955,0.21521891660028383,0.04753493638072609
0.5642808448864497,0.30786542461139454,0.041050715754580434
0.9491846917954329,0.11862700350380662,0.027123760261763736
0.9625234285296677,0.43921385470995494,0.09369815209021294
0.6207294635436653,0.6326639641470945,0.08728064549161287
0.9375930155068737,0.43280579347962944,0.09013751677836587
0.8448172881203929,0.8317959738126574,0.1450666074036576
0.32311282592793156,0.6378462590815903,0.04819553139704486
0.9528783600648578,0.5117568701330963,0.10630087349303222
0.10979115217883988,0.6188055532516051,0.016567030910058612
0.9905228016888024,0.11118735468105259,0.02658323031384061
0.47033601122488083,0.041316464991206336,0.004817351664625861
0.09043866599482817,0.9535037213829937,0.02090461090610177
0.7138267947828176,0.05699870570599619,0.010022366126022888
0.5060487172637422,0.8762336292039843,0.09719139085588839
0.4135090326479931,0.8376663346296803,0.07788509147773223
0.2931782624002976,0.2746881696104503,0.019568149780921012
0.6289552556058261,0.9437571408814376,0.12539698888530798
0.7658473920418359,0.42628158829944096,0.07389646346135159
0.8646319912305689,0.706418681528188,0.12878083720166084
0.5448576317369728,0.1093889928843157,0.014585233335576943
0.5411250224358369,0.5061110784929588,0.06286033271431907
0.21957630993974184,0.8036193833707029,0.041624400775831655
0.6465192245923663,0.10315033120634877,0.016285139179705088
0.0232790070188496,0.24313212349583413,0.0014079464694620116
0.9967454377966015,0.1098115479585168,0.026492936576004433
0.24819022444867006,0.3464388218366656,0.020850120456962464
0.9732925222274494,0.3507141302076417,0.07733793853394058
0.2433767643764479,0.14267846755947147,0.008562088648780719
0.6302281977612402,0.5145892631498148,0.07341677710080649
0.9154203817297796,0.07854955315461022,0.017540338177631898
0.4793028043105404,0.9765976071487292,0.10197622678738032
0.8767279066025642,0.9591437111058669,0.16853935902897843
0.9470603504848045,0.20715744077397785,0.04612168149759903
0.4902993872293469,0.30879522460989056,0.036005242088831615
0.9776203133333066,0.04510637079565627,0.010850416682932655
0.46282339981037174,0.24792008419343456,0.02758953062579955
0.7896464409880648,0.28931555555294886,0.05316467967644814
0.9248224681427893,0.21597574468331787,0.046889549311850645
0.9560946480972918,0.3834579722201624,0.0823454746678575
0.8741301121994598,0.4158138811192861,0.08150670397200428
0.9587589664663038,0.30750120362605504,0.06747819182786338
0.45064273643265823,0.3543523503569125,0.037875312169083956
0.7827754129636927,0.7436268872105487,0.12342793699399456
0.845094793181851,0.33030358778048663,0.06402859525172429
0.4155682214654934,0.5470847142949687,0.05284642473487743
0.7605252090224542,0.12259351732088371,0.02258666043269345
0.921262862623817,0.42547239625406597,0.08734614345701865
0.994544953757133,0.518152169772618,0.11511517991330612
0.9394236774497516,0.35954581287966014,0.07637095207218399
0.24154474779156013,0.8626626436057782,0.04869507910448203
0.9985595620404056,0.07894863278371576,0.019257586414289856
0.8669424457101056,0.10452849678996756,0.021969206007974883
0.9647075454661194,0.49596082833545047,0.10470507361008197
0.27273696781455475,0.7597573614101706,0.048447733638716316
0.758736753251932,0.13789570023173736,0.02525734020445458
0.9654389177160205,0.6039043598006514,0.12458191016032909
0.2908489746590454,0.4080524610917573,0.028496653671677072
0.4821148033940113,0.4901200018727433,0.0548089171236018
0.07562547524765725,0.5646938411294634,0.0104969623972179
0.7042080873291272,0.6945602476635814,0.10606680044251962
0.5230967914339348,0.39910853941076413,0.048807967597162716
0.4921959222965428,0.5300577930516824,0.06008426788733763
0.43286562433740533,0.4253923827127116,0.043349583637468915
0.9229216809223947,0.6136980154495968,0.1209530147384299
0.43174774942433586,0.8883280349684183,0.08537505857680995
0.5164230738402263,0.5455051931162752,0.06450161379798965
0.6000904904071602,0.9592767033584992,0.12217657883036184
0.8163001810132762,0.13159458201438445,0.025910710359222603
0.7130772366364353,0.8373973145369593,0.12613250119337083
0.6749771582979301,0.5084749014163404,0.07730338156866097
0.51547951220566,0.6648033603300335,0.07716329092589519
0.7636040079880034,0.6885000657517323,0.1130519073349449
0.34098856624574464,0.27393311918757485,0.022604706741402254
0.7308376039913153,0.8323213375887346,0.12817783503324096
0.9898007652639467,0.06249467500145223,0.015139496518724224
0.43336130189739497,0.9143372590010662,0.08792508791682271
0.0030673885377003954,0.12063839849786546,9.222859796263427e-05
0.45148360878789445,0.9159907410122478,0.09134005030624613
0.26984615693313657,0.7172086018204331,0.04543078207262087
0.9587180196673712,0.4088712476670064,0.08750087041754101
0.6069084126956599,0.990308312261186,0.12672210725300345
0.704456416427702,0.3301136339297304,0.05403554194820139
0.5878926444271116,0.6960123078005258,0.09052185655243167
0.5281960972435593,0.7635020903356101,0.08933364581299154
0.33995217818515283,0.2071460419601719,0.01716903935817637
0.4577578506358621,0.45043169202192695,0.04823485402548511
0.19063728457856008,0.1982347061283358,0.00930592249967289
0.7619354927720928,0.8429948459505936,0.13428214984594056
0.05792115265269416,0.3020920366180294,0.0043371856840142995
0.058209391469625185,0.6088661044496463,0.008732706654756398
0.8308675548074522,0.2922756613688998,0.05627866828123416
0.6889410620612157,0.6239372372696741,0.09461426905559356
0.4877875771036863,0.29922759715969116,0.03477203813536971
0.7609761693423582,0.539945609476942,0.09095605088306204
0.8507134614619484,0.5827000659736606,0.10744706006403272
0.8114098758908556,0.6561332460538944,0.11431876571930703
0.19485778260015255,0.7471235650317956,0.03466159510469911
0.5841317675344796,0.9256248638543861,0.11572374974865958
0.9997891439396843,0.003412065527945596,0.000850372524811583
0.8117523902187288,0.04775834794184863,0.009557807553571189
0.9147544086292635,0.08509802683485478,0.018955518376011
0.45425644517037345,0.8837803850498934,0.08896101474713106
0.24548662713156688,0.7055342265918358,0.04088490169963566
0.673730030990377,0.5549113685110217,0.08352676268792018
0.7991120157832371,0.24897642845115706,0.04669643465280317
0.9824803037640124,0.048569978323478535,0.011728032773453216
0.5166749212559117,0.3976576774190403,0.04808468325968124
0.41160517423978854,0.36682255559513,0.035908500092669
0.7723976123672079,0.6767308037429214,0.11243910070586609
0.7783343337905906,0.6111893752391062,0.10359568764184048
0.9113131651894815,0.21015624847300268,0.04505452283670852
0.6898447650038857,0.8579232850199,0.12514397640913744
0.3342992579664427,0.27422697834529647,0.022195202385476478
0.1846103386665608,0.9117524994102412,0.03979227513227121
0.45094690599062315,0.5503655693203761,0.0573585948209609
0.20968217699269717,0.9664905428517785,0.04742856889413703
0.16870889718803014,0.3144067920424717,0.012996375222885692
0.7285041100350748,0.49480688665042116,0.08083282590604278
0.7724212584518357,0.9470026981460482,0.1498247352406964
0.7463528679739181,0.8925284173702364,0.13850162426366464
0.07323801767594,0.251194198236613,0.00455775445384327
0.5556015212902894,0.9196540615619676,0.11017665253211552
0.9829570665196277,0.1507643647449659,0.035359598360049996
0.8181506658150379,0.7486077082226023,0.1289827584698865
0.8527434601375651,0.32830114440753083,0.06420992241655427
0.6094930065180411,0.2655161895261474,0.03837420335864214
0.41033512680184264,0.3059907647681857,0.030088255007753213
0.9144922432577877,0.14677367564053134,0.032117285001560913
0.43363726925790763,0.27440203166360994,0.028575878841605246
0.8204462109456331,0.34243253436831245,0.06440712137948235
0.6044058183372858,0.38267020960645126,0.053749874817593905
0.37450794243192015,0.9588438493080905,0.08044778538896867
0.8553786776069219,0.6227938896240682,0.11442328769402353
0.9571094013211267,0.8672292723889649,0.1679807533656938
0.16615672204154963,0.7519494276044622,0.029926171066591293
0.7631174939327294,0.20721835921782802,0.03755597754963937
0.3863330184964316,0.8141028898324891,0.07134380969670716
0.670453756331403,0.19149781793003395,0.030762489285801088
0.916737505469195,0.8361902559254403,0.15639855497122743
0.8296518827318269,0.8852335358126084,0.15045760170729464
0.46103187778010374,0.47669061343706165,0.051212743980697334
0.8974421994299616,0.5483421898648764,0.10683983679501365
0.9770777504282138,0.20886640923031588,0.04791471217018517
0.3297406095412475,0.7960797313809703,0.06039817217614362
0.992165501568948,0.0669830006304839,0.016246150670128755
0.41150367503879703,0.9315945151546435,0.085365799133877
0.7735149980021813,0.3858218939659991,0.06808278196119377
0.38420729737092285,0.4986724058711784,0.0450066472959102
0.8155864078551006,0.8082297555522362,0.1373644110047218
0.7420237483909596,0.8732534734100205,0.135287297841695
0.2521108097612096,0.1408272394265952,0.00874990500835813
0.505575463579066,0.47351901346724834,0.05548007591846549
0.5033526625943806,0.34584742608544794,0.04112820580367205
0.711998718534275,0.51266938482701,0.0817500572096649
0.9789658366722415,0.16086518410956172,0.03747224985348129
0.7161950767842346,0.1719978555935851,0.0295594198864871
0.9880990164603921,0.3328436727600419,0.07513649607793609
0.9068045880972414,0.15177110495827867,0.03289722842588452
0.2876834746289342,0.20103644564616446,0.014154276926805931
0.5168860563615364,0.49645795342461546,0.05918220103105196
0.5370746429496744,0.42523531512905804,0.05309267975569662
0.07826606284653952,0.4600803048275664,0.00886998722958349
0.8923403011233316,0.6825693717449236,0.1285740899366418
0.09933815260484757,0.3254931620823999,0.007975754307611375
0.08897828905863102,0.027802777941372647,0.0006163216617298353
0.7725145368668648,0.5034369060644608,0.08657955601143032
0.09796171627484136,0.40157812522740516,0.00968164173671411
0.8183869023511866,0.2570137317306926,0.049193675757600704
0.9504944608726013,0.49997633860063034,0.10387488513954211
0.5002334985093837,0.2882872627243711,0.034372959763935985
0.44387116987213127,0.7579544530815242,0.07587514486920557
0.6529989779776496,0.3638595014167292,0.0551181809946289
0.5211411356183453,0.8217910264598518,0.0942577315608047
0.2550823235504872,0.5568915472117303,0.03385944274294992
0.9270097330023198,0.2668950521709136,0.05730110997851934
0.8321028627714716,0.7400234789561561,0.12967074630722009
0.5146848312261775,0.6627195466145331,0.07684399277668828
0.7614684931790267,0.814930354536724,0.1304022663232563
0.935608927962231,0.18479115366747006,0.04090043179723502
0.897183446133767,0.13670694554728743,0.029445638392997176
0.6708010990954747,0.46243972120935933,0.07050149725070355
0.5425659625276927,0.938315528120618,0.10977085757141135
0.7783833777973755,0.6010774434970539,0.10204876706120393
0.1943683365508471,0.41880033856609966,0.01976871159758032
0.9930325875263879,0.15681870524804653,0.037169229821624974
0.9423844949293867,0.5580978644542186,0.1135039580995333
0.31140118769296715,0.6615176438070139,0.04816881678142019
0.5191199571214222,0.9304424976796658,0.10480446149718839
0.8381701504207425,0.24588538364043314,0.04825966998213839
0.7688572195139992,0.3094383386435249,0.05518756947243479
0.985911921786549,0.39107965103889714,0.08681300531530664
0.8524460832657215,0.27027173239930985,0.053585788779883514
0.7864356129827413,0.35001494942861383,0.06319072816514354
0.2975294366232921,0.9362296910896857,0.06379933849420892
0.763403817354302,0.37788421583673415,0.06598925501610234
0.5267192045611448,0.7746492087999102,0.0902925653888088
0.9746609196269992,0.04056724038965409,0.009743789401111367
0.8298635315691131,0.9814789806272664,0.16397947903333399
0.8355623888647484,0.2847400500176485,0.055217932079406236
0.38897004682376346,0.6292731697490501,0.056629809724454236
0.07100620337253269,0.5810364787803566,0.010144591961194153
0.9789597264681548,0.5999122731322729,0.12604424820607935
0.7296166920650069,0.5352481053616508,0.08689190380837136
0.7835602864284656,0.9957771042185511,0.15819076888290695
0.948671487100384,0.501946084696926,0.10406670215562579
0.7352755403476878,0.7710225764025076,0.12063902157624751
0.3191940248074786,0.49416177862830957,0.03742068537315066
0.6807919132598563,0.9427509786006383,0.13410745635494112
0.8160070346093561,0.16902757697213527,0.032961711363830644
0.7218911864499666,0.4084590140268292,0.06731321412923373
0.9744283171453272,0.8413711617876367,0.16742878673596523
0.7932236386863838,0.05654397175707049,0.011034465225714931
0.749941945015804,0.9467556548211854,0.1461702008571388
0.804783202954019,0.00827551980767427,0.0016589788333530025
0.1580478569689891,0.2711328269133663,0.010534951891338608
0.4505487870862147,0.6469499687949831,0.06654114130320275
0.8502277861864975,0.3760728093181848,0.07255327790439275
0.9901257301316041,0.1549001859509746,0.03658482046507189
0.9964744753475206,0.02349008974005995,0.005798138158060368
0.23841511113115257,0.24590719142004902,0.014341265203837711
0.5048596407361842,0.39724871963084596,0.047009131681627264
0.18189076029344925,0.42258888541029005,0.01869136014897211
0.36281477896821274,0.9309936936484585,0.07612770446643904
0.3649330754614865,0.6664321670456469,0.056265156437084185
0.07737588641519723,0.5664905442308023,0.010770312287356077
0.5935276483197961,0.2765346161238222,0.038905459467626566
0.9605906859771475,0.026503535653564114,0.006303323914368688
