r,q,KL
0.00441656855466793,0.8202160732936381,0.0009017962996703895
0.8573957763477918,0.6099892144230052,0.1126431661777118
0.2898868245832766,0.6848244709043104,0.04652451467878102
0.8984205038662237,0.16083787718649198,0.034467273571285005
0.4970235375326287,0.7816374829588322,0.08641973983372347
0.7313770452122339,0.8995515652722315,0.13699807918929355
0.8239463198288333,0.8198464845241451,0.1402068587384909
0.9767196936010246,0.1048947144451326,0.024765919916108294
0.7169949563401251,0.34888834699294485,0.05783816205092525
0.888066053107711,0.832705879434963,0.15156386520655865
0.9323044944283562,0.2576669437495534,0.05575550543210204
0.8208502121830663,0.7322950107350815,0.12691153898947613
0.9739822533201374,0.07416714949317742,0.017621856606229145
0.4382736228084981,0.39445204257307925,0.04084311963601512
0.09211420146527578,0.7359333972703268,0.016532299146038404
0.9406095510596778,0.3678599994207962,0.07807535105203127
0.7262166256116724,0.4659747364682794,0.07633708713638422
0.02203430863338651,0.10533589512755973,0.0005781233939398711
0.8615584509419351,0.7326058673251007,0.13246842906979053
0.9464471604670808,0.4480806674992612,0.09380025024133885
0.9028635255810242,0.6592362066702344,0.12609839873818393
0.7431423249832319,0.7749794523702622,0.12233514981849879
0.29606705076808587,0.3040419538458069,0.021804909020260957
0.8833960788181814,0.38636032013047367,0.07702473337590915
0.8589047475165732,0.5347632070532746,0.10048048109852196
0.3435296349090024,0.8781101405391264,0.06864491590534053
0.5053579545006527,0.8350822566434412,0.09305208364355351
0.9579554439751503,0.05263422863580868,0.012382577067681567
0.3892610978675334,0.6885196380317977,0.06160527864301541
0.9000765699645525,0.1417905911692068,0.030595971434993326
0.28266438898836294,0.3320938113568119,0.022710152342260707
0.6395665330305887,0.4602510196229365,0.0671935326130626
0.664502029551203,0.5965586572651194,0.08805402558172276
0.09663223946605645,0.24777793418501645,0.005921645892935887
0.5529816967907993,0.1241712655802598,0.016758502783818265
0.8780274808286456,0.7092356350535928,0.13098848880810043
0.10084714418674975,0.6033245256922354,0.014871778263558075
0.22286571074153141,0.4611440821348444,0.024791000661138575
0.8886348230434564,0.7350627923726923,0.13654587173923094
0.7203596486046563,0.4941677419830236,0.07990942012370005
0.9915707679260226,0.0025443289679580533,0.0006294567243875353
0.9227241146868187,0.48731954554691465,0.09876458131775186
0.6811722824930121,0.09616614662136592,0.016005292435136625
0.4532216224680017,0.23215946288489125,0.02537772565547666
0.5506646539236087,0.3752064365697924,0.048350117327215926
0.3907544783210055,0.40825450966794896,0.03783769392281236
0.7834986551081038,0.42133193184951073,0.07467153408850374
0.1215815744391886,0.8347650307850939,0.02448868241304792
0.9478613016710908,0.23289398047993537,0.0515222761391168
0.9532166483021098,0.16910118970608415,0.03827603514606542
0.6201904804222614,0.7443071710243658,0.10076279278962605
0.9914926594931917,0.01904397161400221,0.0046838962988546015
0.9248336297722931,0.19369702494025542,0.042308693954171146
0.5579807678653609,0.27707888215025506,0.03674055301019497
0.9400861081739423,0.10676430315342597,0.024266242573582432
0.9275148810944227,0.39529246923895955,0.08223494791794034
0.6017286669196813,0.5693975677323851,0.07718135612977974
0.905044731757697,0.3895252141316664,0.07933557946725403
0.7956849198317036,0.7486163764313916,0.1259476283746794
0.31934901126222964,0.5740616331734313,0.04316133914433388
0.8627090578770817,0.16631564533816376,0.03424013122192344
0.5028951468663834,0.6260615234087348,0.07142274989311509
0.39871455020084845,0.13950022937910006,0.013624227543892161
0.42297823605880364,0.6224577803849398,0.06057535200652845
0.5955572775287185,0.8627704479579782,0.11069627305030744
0.02193038963936979,0.8864864889749529,0.004814269384540252
0.8616103469621252,0.5969657402938804,0.11100060893499376
0.9582710107065779,0.1472293460900133,0.033697998552435056
0.10462271437914833,0.3554195825481029,0.009158311335447826
0.9128020880085176,0.2501956913804113,0.05317400810703467
0.45808592530255515,0.601313268228411,0.0631803737407923
0.8074862087186165,0.5441856229957417,0.09655690924363776
0.7476421020745049,0.5158146418041166,0.08590787707592705
0.7497261238854536,0.5900715530270553,0.09712521275756524
0.7488507340490129,0.21501348016115435,0.038199059316537415
0.9552209163015651,0.4185192354366735,0.08905523333822406
0.993018454317418,0.07002224858743944,0.016987788054873776
0.8854796468963712,0.7551799306116311,0.13922131265072665
0.9215503491907703,0.01785257112715302,0.004085692200250788
0.9882356583370983,0.020163514371668856,0.0049407690891279735
0.3962982962250147,0.2957588417385563,0.028163207142893106
0.603225424323879,0.3676454033085204,0.05166772969267336
0.874900144477205,0.5915258685133246,0.11160219748085226
0.40402429512162524,0.8409771151123427,0.07654423267315619
0.8915028876498342,0.19514405516566677,0.04113579550839474
0.7721872859150676,0.25167985476150606,0.04566091370174634
0.839314994102453,0.17850790956538676,0.03567458287319582
0.8955820784258824,0.43582718388805197,0.08698014210532264
0.5400270266145375,0.2423319655904317,0.031319428916660966
0.1763730260441017,0.6850799211131521,0.02898245928675231
0.7021823670301718,0.7033194249948275,0.10695751895178478
0.7848412834216929,0.7594110407375786,0.12598457288076345
0.4735104420067119,0.4996029456673741,0.054863831037829214
0.047274754190887634,0.847459226327304,0.009855225856923854
0.9851701891846842,0.016493237437598816,0.004034812437342815
0.1592437084581784,0.8002655153026749,0.030506160759861508
0.8397525307344649,0.35078263501492224,0.06727888871320381
0.6839289478802401,0.2085661150954326,0.0340213527767998
0.5924304247768958,0.4809548045280249,0.06520738586251686
0.8953494319972058,0.8502212507874809,0.1553122963423953
0.39760437544156535,0.640944063024449,0.05878362924793303
0.6088571645756398,0.368933046467848,0.0522888770888394
0.5581939410267029,0.8486583971897544,0.10308392788894073
0.9682360167168066,0.02785422267370859,0.00667394828251473
0.5882482863828506,0.7226459719142718,0.09366549839943684
0.6603061936150703,0.5418437627357912,0.08025084311199357
0.9908361542277219,0.03701360843724096,0.009044665369829325
0.21994349662339097,0.29915947077416866,0.016058353644604537
0.8558995034091547,0.3404453802650199,0.06663265737902399
0.9474953183851758,0.1584407950279924,0.03575628080644668
0.9504686830430428,0.10103633501895774,0.02325099368355834
0.9449407270127186,0.09776545178240205,0.02238843052951041
0.907299388089026,0.5735351590729849,0.11223566621195945
0.5982850444718478,0.03809584928003377,0.005645088762485007
0.9751016116666827,0.04294204699806868,0.010310135821184868
0.9452172855724689,0.28734478434956434,0.06250799689478596
0.7977716583900734,0.19008496035436415,0.03608741492651408
0.3853552667838178,0.6986212639061832,0.06184847490372966
0.6224634173031198,0.7175171921394237,0.09787334102068954
0.9260483542507634,0.1546094871404289,0.03416787229100116
0.8650623499935682,0.121506837691501,0.025371045892209735
0.8142077173200335,0.06622295207793105,0.013226176080993515
0.7361492759818064,0.6620075416890747,0.10572553181089711
0.6885558754129218,0.6031681380912913,0.09177832155280283
0.9364185252839493,0.3590412860767777,0.07605566457167598
0.07245169603692582,0.47221061913214946,0.008432832370010438
0.8953516228580197,0.3558887608787792,0.07234197007763936
0.6886030653053454,0.3658025281603924,0.05819567097859855
0.7686304453214472,0.19624208016743755,0.03589524044516989
0.5079657732040496,0.7495281571051027,0.08485251699762965
0.544832224763864,0.6881704090917895,0.08370786369203333
0.6140341311920852,0.5933690195762835,0.08159860596855886
0.4220733212541174,0.1907877573174588,0.019574818412418735
0.6473782770832613,0.207488112704092,0.032120352019503855
0.8440007191967639,0.2018219257590029,0.04031087449333218
0.8513677800786928,0.4336964718223575,0.0826547795054695
0.236387818351424,0.5083556841476717,0.028836091569914176
0.22827641579510607,0.8784777298828512,0.04697197209810952
0.8858092123340034,0.7145511451114739,0.13289811596982062
0.9341241446402327,0.1064821351679563,0.024054902405152134
0.3740322659305241,0.7316500991822997,0.06278474690439868
0.8277568958350708,0.14647959506648084,0.029118810992517476
0.858290488421972,0.8810843697865406,0.15431513403027855
0.9478319583027992,0.32211921286620065,0.06966916340384975
0.9905015523834221,0.0009233292181174188,0.00022832454766715427
0.02005132355973731,0.03926693142567573,0.0001962058250327825
0.9640401129135973,0.025984373308696223,0.006201665235824775
0.8960688385914675,0.5231910064318885,0.10240124963616855
0.8394042331783835,0.5179351102927816,0.09567227365768705
0.980275522367916,0.09157898182443328,0.021781715756402444
0.4736822940391514,0.5467180737174006,0.059665923753258944
0.828990575319628,0.04512716556577467,0.009224318561379953
0.16777661583032802,0.42959515743650584,0.017556908554140337
0.8282612762354448,0.2966074283745618,0.056891019267887186
0.783668491744699,0.1948371136081963,0.03631957980523471
0.9184776901704536,0.7173150594629797,0.1376755751704508
0.8971120642868583,0.3788090007656394,0.0767201097017629
0.9711897116266534,0.09286479767799802,0.021875764264419367
0.12750644508932982,0.33216355669520414,0.010412971837658751
0.5484007368724371,0.82335998402776,0.09876963158435915
0.6940745958939616,0.7637491753478798,0.11382996060430352
0.7008046223576996,0.6294045025554141,0.09681727200655513
0.23115551191355013,0.22020746159362622,0.012482249160471096
0.9372415148052599,0.11634491612687968,0.026294266237547638
0.3872603314251556,0.6372123536953583,0.05704326116278803
0.7972986720677303,0.17338847372349261,0.033029141692797054
0.968087045365118,0.25434664867931983,0.05712315554996498
0.08832282859835905,0.6354176852555999,0.013736552507726874
0.7715630596142161,0.058670638010503796,0.011135005018351497
0.27944518412507957,0.27854177213339876,0.018928552915601957
0.559229371598633,0.8330623774689473,0.10160061554017101
0.9994216957084647,0.003070858975151037,0.0007651940955925072
0.8104412188299828,0.04298251314766376,0.00860009099770317
0.909128071329455,0.07658822415136933,0.016997442071699603
0.4407305125291317,0.795402346544904,0.07874841716138452
0.24352708550627342,0.6349808039326524,0.03670991196564454
0.653844124153478,0.4994202316599195,0.07389255448533326
0.786582027531199,0.22407878560604125,0.04163533271794099
0.9783935199396119,0.04371298049113069,0.010527856892164766
0.5097069250274134,0.35789190967713613,0.04298262585802931
0.8169694932133511,0.3736997375766403,0.06951357052434218
0.813343432897067,0.31423302424585764,0.059019706197093985
0.6950356536588422,0.057468377829322806,0.009839383338197383
0.21790110150269856,0.40919954932040253,0.021598698635460285
0.8406868838885762,0.27130795163970983,0.05307612556444517
0.9050215972572745,0.3501690779615415,0.07198371106886886
0.31335980166142546,0.48626803740003116,0.0362108508512154
0.28408787950974673,0.6152307228649961,0.041263116133527816
0.7639855790133738,0.5622771394604065,0.09462543670231939
0.523830164165111,0.6684340084997146,0.0786875616286389
0.6956406412813665,0.4452200758818779,0.0704076046726264
0.950833011414508,0.43916053270846545,0.0925689448002301
0.5684097147210111,0.16335799844897572,0.022487613593881337
0.7122693545097808,0.3373051919319362,0.05568928984254036
0.421665337254139,0.3018076642095121,0.03048265125116676
0.3877225453582874,0.2899083737867816,0.027048211910971738
0.5204242382801977,0.4558044969944126,0.055004144161258775
0.8330783134161058,0.07013599647201006,0.01431143733426084
0.45814783518072477,0.701889726063906,0.07278825571986125
0.9602217645872605,0.34427061730598807,0.07497156258498613
0.9178934977301622,0.2964027455589442,0.06256722034901138
0.8421560693542781,0.736274970212203,0.13043732914676195
0.7513758747080475,0.7350679247696471,0.11797560070526997
0.3131814717996315,0.06544891517805132,0.005076900758856223
0.05179041318138685,0.8663198918335395,0.011020075090188278
0.5767827179241067,0.30933714998569695,0.04209553412055678
0.9596143010711712,0.15974646545219537,0.036488186203138914
0.9276707612296702,0.4677763184212733,0.09568008161312062
0.6220156735054501,0.5599156591227266,0.07831509632992001
0.9944636082132283,0.015110636027955674,0.003732351476982928
0.8158726152380277,0.6716901240821808,0.11722188574367544
0.8939978073153471,0.057207527225277215,0.012556751911271168
0.74755986182379,0.5821884384379866,0.09570917824211152
0.8385486433715618,0.6624514286061699,0.11860935013460525
0.7921917939519656,0.35888296061514724,0.065125984689858
0.6812245506117887,0.4564642772899112,0.07065978462594148
0.9144945342243118,0.20584856498726156,0.0443327818862148
0.7565015061283586,0.5851747627624697,0.09716200992323425
0.4536154929169986,0.8741558377806059,0.08798029448341046
0.7984350564709064,0.2688417762522132,0.050141164342461984
0.6649513643218287,0.1723480361370306,0.027575553018551826
0.8581874579253524,0.7525712303328962,0.1350757069706368
0.7794182394282814,0.7967101822313475,0.1305163462534791
0.4544870898264692,0.4290215520933555,0.04577177427201775
0.8601760002397044,0.49350797087838855,0.09369613356634446
0.959604634782247,0.18797976830728438,0.042595761678013315
0.32425107232917755,0.7164717582428732,0.05392330758841575
0.9862736341584585,0.06028470056743551,0.014561974754866936
0.4000502061140444,0.8384350636391796,0.07562537607426742
0.7549211292338092,0.3472397045693993,0.06039529342683247
0.7743730698161184,0.88333108256454,0.1416811752668518
0.8193328975951144,0.25626604501588374,0.04912442667751918
0.3828717205328623,0.566345852774145,0.050571405044478324
0.0714043932691194,0.5229328309023209,0.00919410405943707
0.929931821906073,0.5399210458190458,0.10891793557636933
0.7066653588796078,0.4817232948254856,0.0767392064407167
0.7335966146255906,0.8961993937966961,0.1368972773465346
0.9100732207224008,0.4517514762272334,0.09111892007756195
0.7013207134132743,0.6939203187622567,0.10561672403228352
0.31685160059494294,0.44474560076547853,0.03360686078593396
0.49978658503453105,0.8373982479116998,0.09235649876424254
0.8241853071128068,0.2212968452763898,0.04299927709980979
0.754423328469194,0.2784945047791725,0.04912772766462716
0.9529059263409506,0.35197168593500744,0.0759278641838923
0.8363039664247047,0.24324455915937898,0.04767614047832956
0.768999371818762,0.3150134544857525,0.056127841463856
0.2922536275457346,0.842606721980717,0.056914155884075925
0.745780291811815,0.3400957942530607,0.058579561330455866
0.5103823986977399,0.697184287919919,0.07986358070836894
0.9714040215031224,0.036510516350688686,0.008750685248900738
0.8928455557489111,0.4364498942795593,0.0868067497256569
0.8559695356928394,0.05863877763309677,0.012326974000232131
0.9962922684848146,0.005063445611453632,0.0012570669214697842
0.7575657209251492,0.7475592932741312,0.12053359117191301
0.6722383840730154,0.884972019857558,0.12570161408762523
0.8694379670358531,0.7061488674054115,0.12939630120338835
0.9242183425321949,0.284043140980446,0.060543121422181975
0.8829930195405011,0.6348003341305084,0.11967007510363595
0.08344939363781298,0.2692629658784221,0.005560286682064854
0.49332821893176854,0.6666736345881737,0.07433810640056737
0.8233927521604307,0.3630933497261485,0.0682036113721256
0.7064851447529161,0.1636344869112624,0.027804066046821573
0.1365258185139411,0.7743491211100608,0.025476750525936787
0.33484248353115686,0.8163631321878261,0.06269815690934995
0.950907794823024,0.2715731778921081,0.05967258909394626
0.885411556587469,0.3196782938150838,0.06488967089233515
0.013239211809932925,0.6781971385493032,0.002231906035163586
0.4745592194095965,0.24150790194784919,0.02756065377662771
0.3352908293788694,0.7104801633130757,0.055191422443435695
0.9334667480611151,0.4057559049112382,0.08471187615380438
0.7074498121404579,0.4453261979853789,0.07151286362291484
0.7262290932416293,0.8523024283314432,0.13007317026815055
0.705797770402391,0.8032755756332127,0.12058030172734854
0.07379976507632445,0.22607477841295168,0.004136148630487616
0.5334287252602764,0.8276886554057709,0.09686517652955749
0.9701146287255766,0.1356879282704693,0.03153883439866315
0.776709222575325,0.6737469374003421,0.11259445784603929
0.8329454404187123,0.29547102996677765,0.056991365443326315
0.6030559288500855,0.23896457057353257,0.03435349641481808
0.4081273751099188,0.27539168829136706,0.027045654995415377
0.06235193783541294,0.7092957544186306,0.010865628931709531
0.6011509285117242,0.5558358436467011,0.07542940090793783
0.4980590743650763,0.8845139938024129,0.09663168910735018
0.2880392166537989,0.7750006912303058,0.05194673624851013
0.18804055711305692,0.5682862766990525,0.02574311609974248
0.10175080181373188,0.16784288725605867,0.004232880709336859
0.42022781457986125,0.7577048351936876,0.0721390267180019
0.5785616021631073,0.3791278497058493,0.05113167772010312
0.45752406623658454,0.02556586341055846,0.002907027701539463
0.24153288391333985,0.8570163678573194,0.04838845552027797
0.9043006747576067,0.13209630807647824,0.02871051068566243
0.4314576965033459,0.24696182849724896,0.025688513532111032
0.8015847692444295,0.30818928093148124,0.05716228428952735
0.59437396081738,0.34440318864580605,0.047933188072410905
0.364990932870391,0.8629594643772815,0.0714274918619195
0.8173292395340616,0.5605145006616613,0.10019703033151474
0.8908749450161613,0.7805063451500686,0.1439309053403357
0.1656749311030728,0.6767544848440162,0.02695971769090157
0.7541523206032819,0.18649652329604516,0.033576145647976514
0.37794999137070223,0.7326926008492405,0.0634657423992269
0.8931303621486861,0.7427996157463183,0.13841361559453794
0.4303026502421326,0.3043937812244185,0.03133751968984371
0.850297137889786,0.5181844931500621,0.09683612714401553
0.18628715800633305,0.6779716782376293,0.030237761726951234
0.5353182630765555,0.7443935433223159,0.0884040039999846
0.14230092991000962,0.8400946237664234,0.02868540945041201
0.9265129507890055,0.1304952254426046,0.029047964746702015
0.8237416795679859,0.6710221899395438,0.1181060032092089
0.8321584639091321,0.12541625448104016,0.025204112914191102
0.8844883717705804,0.8158758805016344,0.14843478151632905
0.2444622138036808,0.1284106208035243,0.007748620348678502
0.6145486782323915,0.4631303368348333,0.06514350551924622
0.9102685584219472,0.0706945978391492,0.015734737491173004
0.4622284908205892,0.8789378464338563,0.08990760483109755
0.815932133183887,0.8632293399952803,0.1453234739220419
0.9310574095004386,0.18644169669658012,0.04106205562931836
0.4861485213004776,0.27791570214890143,0.03228990310716256
0.9739224351131363,0.04059573371609064,0.009742867003095701
0.46053834048685693,0.22312807577409102,0.024796846490501935
0.7753103129826668,0.2603839999976541,0.04733700401424049
0.657621594906205,0.217216930576214,0.034073687198909575
0.9726303400267328,0.2314307236960168,0.05253963320777857
0.7076760436045806,0.16625840115097335,0.028283243074739547
0.9340016244038303,0.17447809401387965,0.03866971025245516
0.831727006012418,0.732444903139519,0.12847191864777333
0.5880524239783951,0.38068576932980375,0.05211754333515263
0.7387005774677207,0.23032845464240342,0.0402554581957209
0.48706618226856063,0.5318125665888704,0.05968494275684883
0.16377565705649005,0.54384506645261,0.021576691744038
0.5656337657911308,0.5821722243541689,0.07441803044100676
0.4084553312775503,0.3301403000356169,0.032226737806785886
0.739270208469644,0.6090577233686293,0.09861208793727397
0.7479380283970716,0.5500704377151956,0.09104226810600255
0.8966087366263975,0.18914062362570244,0.04014874812730079
0.6568698326966083,0.7721309565179099,0.10947932606794591
0.333766261581821,0.24680428051076694,0.020002240965977486
0.18332752931247112,0.8205772494692172,0.03575712656023799
0.44347107729015184,0.4953290123883384,0.051186583125508105
0.20753639393334836,0.869841488566601,0.042527277169715445
0.16930794292560677,0.2829661128382246,0.011758232952292374
0.9091139007138607,0.19437817021498605,0.04174864170621659
0.9258867796383522,0.3451121749981462,0.07254826670509495
0.8474304976235238,0.37423249300735767,0.07199081052899521
0.9342906136164651,0.27675108326344944,0.05971145402675776
0.4466734151692967,0.3189171153212213,0.03395928039716206
0.7453142782798563,0.6692641984894936,0.10793956959171105
0.8255964570395314,0.29727322900243797,0.05682788871286978
0.40957745915442256,0.49237624286547177,0.0472299798948775
0.755978996267494,0.11033416558879534,0.02027006498272865
0.8904944359937761,0.38292515662865945,0.0769683738221372
0.8099379496844603,0.11843512381294599,0.02322106947867188
0.678532258737204,0.7536575830832636,0.11026780956473337
0.6568055739545918,0.4576274112747064,0.06850930834607175
0.5024096297289969,0.5983230242970302,0.0684802773170453
0.7307247856425967,0.6196500591765591,0.09911920552033104
0.3403690822569451,0.24653980726881736,0.020368789368165146
0.6946494247853164,0.7490892038298612,0.11197118014132747
0.9843542163537475,0.05624520750130701,0.013575626401072882
0.42073524998412076,0.8229035331009598,0.0778649400054962
0.0030981720432411413,0.10857455864807893,8.38393394244461e-05
0.976667778359504,0.13941016735587716,0.03258441434272018
0.9943472179454608,0.021141080766053956,0.005211055951233702
0.2389738202029891,0.2213164722780441,0.012962828559365385
0.49832642893990714,0.3575238476677614,0.042032651071330675
0.18212059233788122,0.38032999686926094,0.016885522789371016
0.3542980349053077,0.8378943242836123,0.06768133313820626
0.3593467468844071,0.5997889503410824,0.05027741653017791
0.07778667891522573,0.509841489807722,0.009758143927631233
0.5872320101658152,0.24888115451144002,0.03482824337560956
0.9587426622940108,0.023853182088207695,0.005667148656344309
0.8179713103173911,0.5871322004291891,0.10448831456970549
0.927239222994053,0.21105918150284161,0.04599130372975205
0.6886539136320888,0.39145279700262786,0.061957904305143606
0.28315875106215926,0.8767675739333302,0.057338846094197246
0.059392786917928375,0.8079098472976939,0.011774745279756825
0.40950298160383086,0.7598079338478669,0.07063879275682831
0.6222271527917608,0.3531641979013003,0.051231086669432685
0.08736896468031621,0.44372071685856823,0.009540596614958024
0.07007930574463071,0.6090204166479596,0.010492276124458712
0.9947960739724871,0.05472244166225045,0.013355444392284206
0.8254325238523315,0.27272918413738223,0.05243199103854967
0.944347757437722,0.25058305089069594,0.05499442348775741
0.9103384625409116,0.22938262888871214,0.0488725920510724
0.3882702484470917,0.40056867529438195,0.036933181126310374
0.4491289078402608,0.454093433062158,0.04773049465741041
0.88130412352802,0.49814761686704323,0.0965705368665179
0.0052861950157992625,0.8959502550909535,0.001178612148674523
0.7993093432987598,0.7133957272923779,0.121303826683703
0.8197360892405483,0.5599613064970466,0.10039323493733293
0.44984838655644543,0.8900641329136966,0.08872202301207432
0.6455401042847458,0.8484758807405742,0.11703264080950176
0.8074466312409054,0.1521248192749218,0.02948305631585503
0.705118795905984,0.36761311262414653,0.059762568650763244
0.9076204767960405,0.7572340456088734,0.14256697165363694
0.7916558821400128,0.05088957458136345,0.009925582748733099
0.7065290374338707,0.852080089339067,0.1270021938776627
0.8058716294275547,0.007447967826906844,0.0014953777596407982
0.15877221160485425,0.24401954422202973,0.009537298189838153
0.4413892762934788,0.5822549719154847,0.059259479420806685
0.8276121685783662,0.33846552838636634,0.06423495748882484
0.953215271473662,0.046556308785397696,0.010919228663070844
0.36883289465346986,0.7651722121279081,0.06458161313410338
0.9844795844421291,0.00800622498189121,0.0019627671597001804
0.36598850382039394,0.8808908059667672,0.07295447254787754
0.9154770692947741,0.7443027232371483,0.14157001266536928
0.652027300949268,0.7066898633937343,0.100625504869678
0.9733078261955869,0.043275138302291835,0.010370356423797479
0.6936346498907089,0.1866953395862772,0.03101821247870972
0.6736443841743132,0.7648790679856905,0.11103038106457871
0.24226849311209514,0.3892453304895277,0.02280877067275758
0.1260767289523061,0.8594425476616491,0.026088653239002144
0.44976463846141973,0.37026070278063644,0.03942012310656432
0.4049150907452017,0.8456776307805551,0.07708866014866546
0.8918463389532546,0.8340738234782044,0.1523186934529802
0.20989358606000422,0.644014567748579,0.03228352834446734
0.9956050632642254,0.017515899723009733,0.0043283877916485605
0.1933168128005061,0.7176593700498859,0.03309994839083243
0.3503519858391647,0.8106796696078024,0.06494020685861042
0.7687053599611036,0.47147653780160603,0.08125993883902782
0.8758172670837404,0.17744642001763514,0.03694273271959575
0.5575392311649844,0.678161797807326,0.08432741621696853
0.9250643415547627,0.4843289818973506,0.09841773187303492
0.33440565628655367,0.29675854484918307,0.02397303535401025
0.892325840011823,0.7095858330855639,0.13294435256927978
0.5885304039848356,0.2728753463624805,0.03809816375230936
0.6014157866403956,0.4081481005325863,0.0568067074607853
0.9610193114402302,0.12063752752244826,0.027898952513617948
0.6165392654049419,0.3628016878024164,0.052099211018365635
0.8427526762102174,0.18310971660853465,0.036697508446204175
0.09725639666020691,0.23608200639766463,0.005680086637855082
0.6654433776995585,0.2822365091008963,0.04419693389427212
0.7336954647637679,0.6625877244164929,0.10552530686407896
0.2928882813839135,0.8166501297434986,0.05538851301284294
0.09139237596138779,0.7997417506587491,0.01779200682493438
0.8900603313323702,0.8534887936829475,0.15501084008576088
0.9787827295205408,0.022863529234479336,0.005545815939008292
0.6753849168253255,0.6642347266792089,0.09830502900707475
0.640990637725414,0.6053400689116392,0.08634620098255208
0.5707474746084805,0.5626688764401196,0.07274290257892091
0.17745311514401413,0.5738617691217591,0.024570582558183722
0.8736068739008929,0.33371822180932315,0.06665819787454288
0.4391390157741099,0.8340884899637417,0.08192953034514996
0.8549554326317114,0.5794786080725981,0.1073794221434719
0.695073541108978,0.7404854519437472,0.11094018866276639
0.18835471523450545,0.39907277894459803,0.018291338200292783
0.9732134926952908,0.2045148496062992,0.04678703845375295
0.8137935795482389,0.4991263083142512,0.0900216056708309
0.9774762041456866,0.0574355304937578,0.013762728592576254
0.148916997638668,0.7448680547933239,0.026684045897194402
0.545377442382028,0.5684979592098582,0.0704544359148721
0.4028121593185353,0.6111386118588695,0.056932159779118405
0.5743159143066665,0.018562986379856896,0.0026507608498154856
0.09203074428056726,0.5110567579460891,0.011544217308552774
0.9220475911584358,0.7015594309425885,0.1356009224020333
0.8657504513636886,0.542886465889766,0.1025464233130127
0.6561317609506113,0.5151743024329322,0.07624100646929023
0.9356730097153482,0.47161150211413383,0.097175971668806
0.9786173735685981,0.18858194201289905,0.04357668318927185
0.5854295552851528,0.3881295355703322,0.05285847195557454
0.801650845233525,0.1000138897333598,0.019501030213062952
0.9401280623754658,0.17040600502706543,0.038041529253842285
0.9944142992036548,0.05103911150848728,0.012466624319617798
0.8452214882932677,0.29246109539027093,0.05722504206772753
0.881083580791019,0.2505289667381522,0.05148029388755496
0.2120563514082098,0.2809841488330727,0.014573097425305926
0.9955840709585975,0.0018149282796335537,0.000450852590221988
0.9736894074391564,0.02814600664245992,0.006779963593228375
0.971118071835629,0.20498565037875596,0.04679921033671554
0.24303957283551936,0.7829964322344675,0.04470455107309773
0.3573506105303842,0.8264106757195757,0.0673438035175796
0.7218907707138026,0.7586953613555341,0.11707464943730668
0.05837919148729401,0.27188283295622634,0.003936378940337861
0.05857419035506365,0.547979494004682,0.007917172668345412
0.8144130975594361,0.26304809523200984,0.05005492152961661
0.6652522470017554,0.5615435135427067,0.08344644580830426
0.48390521426709004,0.269304837443722,0.03119745235149154
0.7355067649982636,0.4859510485292479,0.08021802093693499
0.8155048926543175,0.5244300593762946,0.09427471448804366
0.7756686869139547,0.5905199214485053,0.10017690205184539
0.19387803012579277,0.6724112085286158,0.0311839288613021
0.4416413362454768,0.7652148440630342,0.07616184174797042
0.9550873307841533,0.2234340257575337,0.049917019400815506
0.5763803664487936,0.6425679558942419,0.0827947362211857
0.8275364238474575,0.6390663852904399,0.11364815771399492
0.39200626891400636,0.7818448287586772,0.06966800270353936
0.8336573925192692,0.21041761859931232,0.04145346749566961
0.3838950163772881,0.8334427009984099,0.07244722608963723
0.8008449852734093,0.10254814939302642,0.019962053211794065
0.738073404583978,0.389337462355596,0.06574697274081766
0.6467099984692154,0.840731688674371,0.11632464195716097
0.780151480888385,0.6828043181115256,0.11431870821130934
0.6444428904250924,0.543577535442247,0.07874178474697849
0.7051167439662069,0.11767304953512694,0.020167491521360225
0.5708550587600528,0.3238602148356838,0.043537992680983746
0.33916260562281686,0.7837243672476795,0.061108728131890326
0.3807532786420737,0.8803198052586368,0.07560306298378193
0.8029823725032299,0.6364630311457637,0.11030866577409179
0.38068706578380695,0.1447856828868513,0.013503918084141829
0.39057220918239255,0.790670467875233,0.07014994857327886
0.9450275091053357,0.1457058947452177,0.03291790506607123
0.19681667088648072,0.6901438967052058,0.03243477461628296
0.0003403180546088751,0.8251544100290923,6.99902289312122e-05
0.43198353960282804,0.31843954282048403,0.03284559793037434
0.41195725471555367,0.7071365147681979,0.0665129679797991
0.013646527760653285,0.13204734113124145,0.0004488770385620595
0.30139097440786816,0.48755570131396103,0.03497932170437092
0.9395858971189823,0.5371750448383776,0.10941565373758119
0.773903496154253,0.7109107626708228,0.11759190191632746
0.3282422788513021,0.2507690476439767,0.01999045601252815
0.40656731821995185,0.3722701602123671,0.03599235929606631
0.9182306285571709,0.07128530770498877,0.015999587444771878
0.801220026142005,0.09328119649662495,0.018212940672702276
0.4388803711394829,0.4076177315660364,0.042186408362901856
0.9219995363899757,0.6686334245425034,0.1300810415232533
0.702766195771052,0.10440314682498598,0.0178816322895613
0.1557862244916912,0.16074081458436593,0.00619160270584534
0.8279928271814848,0.6950173316895529,0.12230442276354338
0.38344967678586106,0.2921405761104561,0.026956148225441224
0.8133072713480319,0.7254280927329736,0.12498339981135893
0.9480565080921947,0.10337563443379906,0.023712097275923483
0.6233776557867169,0.8597831212991136,0.11485647951542564
0.04861028149299333,0.8027115022647385,0.009602609103833525
0.06821150133383815,0.25076972296704925,0.004240021163328443
0.9255287938097337,0.2506808680014382,0.05397198536098759
0.7471575568366016,0.3797996173625365,0.0649909793936031
0.9859260932059576,0.003669952487389815,0.000902441517980894
0.8832296340125881,0.2780313909706136,0.05687482188901187
0.26648750847968344,0.8565786148172533,0.05303847249752515
0.4462157515112783,0.7543843004416317,0.07588872144221949
0.5867052959918199,0.48161543138784363,0.06470060916040249
0.7900993936208265,0.8168144182206157,0.1348678885885062
0.018917918038331323,0.31343735710881443,0.0014753606335261365
0.2996132213808593,0.6151107551439584,0.043376211755686636
0.21949957238120948,0.4074856588071133,0.021669395147714574
0.7984822844122081,0.45776012864876303,0.08187860453717163
0.4334604547060844,0.5069045332101026,0.05119912112890352
0.6055222372963468,0.6950254418380073,0.09283839086661394
0.09497729766403087,0.46681653790877403,0.010892037757558303
0.3340750268736074,0.7084338111070407,0.054868329427582525
0.9762668700788517,0.15236270468700883,0.03546881620323968
0.9308620628641596,0.17747346235045106,0.039177650482232464
0.6649422078755972,0.6048533308741082,0.08918393575315145
0.6646669094986791,0.8934674649629334,0.12553238597219346
0.31619886774065536,0.1885369266058457,0.014582922024471739
0.6310118255486828,0.7684738186612801,0.10526138048796951
0.9236319401399344,0.6290197067046152,0.12359117289572413
0.7554785252620064,0.19950752481910664,0.03587047993325057
0.40364315292578373,0.16629455902973514,0.016385088906145647
0.8801981266408686,0.8587413289624621,0.15438876384617212
0.8356893341479753,0.30639377484360464,0.059107446782953474
0.4215733992238436,0.8352679603676917,0.07907347848362534
0.9278423467451856,0.3928688781355448,0.08181598053428127
0.47015271488622273,0.36872334217392144,0.04096127483539278
0.09380417596673733,0.5519207032451166,0.012688866760867834
0.37658856339251395,0.6422517588665303,0.05598242229288733
0.766460506622776,0.5581060619097473,0.09426124187011471
0.8590884121122435,0.3896658627445227,0.07565455504980066
0.7031796249761639,0.3977082787006953,0.0641303469504793
0.40143814439534364,0.581395602096793,0.0541663361477231
0.8512448386457016,0.8260774099805926,0.14511349875276291
0.9335184240416793,0.22863682241337543,0.049901305038569634
0.23757427993249222,0.5437312691075373,0.0309094257141666
0.9308651156997153,0.07536302521842884,0.01712372885957588
0.35556732472496216,0.897987312830679,0.07230525950530828
0.24253491635194016,0.7491115120506336,0.04278636524617039
0.9417306792745676,0.03309962190059234,0.00770257373645234
0.5511624945567795,0.5107858318336003,0.06447517734563844
0.6907187258568085,0.548406123340593,0.08451897350602139
0.9974967687462002,0.006233921562841404,0.0015489962970830905
0.07967138808299844,0.1611754865219111,0.0031878293109300444
0.9504404937251322,0.4663369527953564,0.09765282268618751
0.9121880375356065,0.3235912315916942,0.06746364515686318
0.23887576356970702,0.7763963792452003,0.04363958320467064
0.9914615556345596,0.07105376950534417,0.017197932220135322
0.8610412009157842,0.0940756471109708,0.019695984938869038
0.9251297684568586,0.4463647455019056,0.0915447605317983
0.26966774031329116,0.6837816252691536,0.04340845708062767
0.7534458211462447,0.12410613020856362,0.022648238250137863
0.917542317237526,0.5435139238205862,0.10817193763100366
0.2898076347174376,0.3672472149825817,0.025649153185923243
0.8045884806771332,0.23131235855762325,0.04384069794599774
0.9118811232137036,0.44997870474056717,0.09098478651416239
0.49626812656121194,0.25945853645193406,0.030834728140609235
0.43315858726777,0.6821590077733718,0.06737671990351471
0.6414935079493025,0.3274735512750562,0.04911796718848602
0.5041144031981817,0.7396119238138665,0.08327463188282125
0.2537276928303246,0.5012023924905574,0.030450152193537146
0.9074139706646865,0.24020554695382218,0.05089009509678806
0.7896259649776639,0.6660211310605407,0.11312213933154894
0.5017094780471308,0.5964475919530797,0.06817361490451554
0.3897663902710865,0.3719888310405632,0.034538247276488764
0.1774947624596677,0.7407407667655886,0.03143205119826166
0.9870446126474504,0.020399379633170647,0.0049925933109796535
0.9281515797770636,0.12511325186927544,0.027936882603900984
0.8558754038497848,0.8874754995399956,0.15486046678079252
0.7006134459241486,0.8943729982417777,0.13143772587086755
0.8725046070641884,0.7392811867565394,0.1349412223276994
0.884639061173395,0.7589539839203017,0.13966154313360066
0.908237664362412,0.36118596721690377,0.0743090415476133
0.018748319299264026,0.6004175961106043,0.002795683765002852
0.7533745616612127,0.21785030247968296,0.03890590377884975
0.9596261913081937,0.04461441751486028,0.01053723733810462
0.9785679806495029,0.10162657884672284,0.024059588846295155
0.49031703664204596,0.308509302761658,0.03598100104475583
0.9883426653841916,0.013892701526366782,0.003412458190206076
0.407211060747428,0.695360086823385,0.06479419315020062
0.7470855016430974,0.7232777607019646,0.11573204702086443
0.9814479601780961,0.018538283025346207,0.004514648048980368
0.3194890168984283,0.47355735271997035,0.035967365922833
0.6907274468448847,0.3887783373548649,0.061748723163817604
0.6067374309430033,0.8064101777947351,0.10606044760841193
0.7152244935215658,0.4264081981167752,0.06943858149260242
0.8931833856426917,0.1054412544739074,0.022809501516922098
0.07539812623106626,0.07092694949037663,0.0013307113297662684
0.5260574839880948,0.8845087844287166,0.10142205128004056
0.9923769637664451,0.058010352322155886,0.014108543170303068
0.559040304160513,0.44053492516188364,0.05696143000241048
0.03779683159437286,0.3681060615754562,0.0034520671758991174
0.2898515823495937,0.6885928648453792,0.046772401683222664
0.9896066826235875,0.0652630073268551,0.015793155187326054
0.8998818352641961,0.8797654912704603,0.16046024619403063
0.5154460457794006,0.8995595619999806,0.10112050968243573
0.839899139428469,0.13463987687133244,0.027234953975763563
0.5073033402180023,0.6246359069779567,0.07186699245138738
0.6590037845025031,0.7669210464416653,0.10913390514515557
0.06010640750101047,0.8417451277633811,0.012405428446930053
0.9712167736468308,0.21324615350295964,0.04857240221562449
0.7919352111302547,0.17281871332333515,0.03271065827636561
0.7243253193016435,0.83997949134927,0.12813761430719717
0.4271777898131886,0.04073488395345071,0.004316364902051529
0.43758992400773494,0.8243916669110228,0.08081137590901649
0.2671423360223363,0.6454877416383902,0.040735996827064726
0.9263544203756827,0.36798412290030574,0.07696917737230888
0.5779028112271044,0.891277481035067,0.11091594909085635
0.6920009470390445,0.2971022705367573,0.04813775162031485
0.5692613673352834,0.6264110770204733,0.08001510850750068
0.5120179955291883,0.6871518813020493,0.07904802854334914
0.340040605539925,0.18643143776415466,0.015491222656795102
0.451818801778674,0.40538852281973436,0.043132422689372
0.1915359243523511,0.17841123551550228,0.008425292526313634
0.8997627123685203,0.4630463860867931,0.0921808606141409
0.504747382356107,0.8658168394438821,0.09595845588704723
0.7374157772125063,0.555018790961755,0.09060197462519563
0.6329046400680335,0.8792464495388772,0.11867469772038552
0.5930151034606468,0.7101471238531676,0.09288735177261795
0.9808387887792362,0.01789142752315188,0.004355514096069906
0.02547210434122384,0.13728035112661696,0.0008707009513904011
0.7181061236351625,0.8112802986481016,0.12345624751617441
0.9876920607634071,0.09091381056053206,0.0217960838971216
0.9281482968305513,0.18248817504756062,0.04011453579630482
0.9131676599285689,0.4605811831197865,0.09301684738809919
0.11009798589504817,0.5569249979264448,0.014982869535346556
0.9808219906112806,0.10006861921294734,0.02375293236764503
0.4720099270536951,0.03718481849208571,0.0043535914892248884
0.09055946827477611,0.8581533492446938,0.01889073993612685
0.7132509847055928,0.05129883513539657,0.00902429145202347
0.48894192431797195,0.7886102662835858,0.08582167034169114
0.40329677408317,0.7538997011667122,0.06916572167698397
0.293124871821835,0.2472193526494052,0.01764930496521897
0.5991515719543781,0.8493814267932939,0.10980372037583251
0.8728996927176134,0.8183167290121743,0.14717294711711398
0.34926634440432597,0.7118749193205006,0.05743847852123975
0.6827193170256052,0.1384265590267563,0.022882200301890164
0.2709902437434923,0.6740925407538227,0.04301997485555157
0.8701818455011997,0.3627077604688864,0.07169365185285068
0.2135661402442611,0.892266444665155,0.04475297975177216
0.9333080357869827,0.19044695375512463,0.041989631457843506
0.8402176238861264,0.3694280245371452,0.07059378827173039
0.41891237837975814,0.8489588175949817,0.07977946793594222
0.6034826676325712,0.5221829202035184,0.07151381292640986
0.3799920941625006,0.44880516528406045,0.04031256616590964
0.7712155277718085,0.7274067799970123,0.11956106731249315
0.7028198350111458,0.7859281260690184,0.11795951977991155
0.2531951435907644,0.12674451548393567,0.0079176071477546
0.4973125851153615,0.42616711212052366,0.049512480908417915
0.4980180995374263,0.3112626834769031,0.036822837455251396
0.6912582318625884,0.46140244634430894,0.0723237987575471
0.9654185671094738,0.1447786656986056,0.03340720248428629
0.7103235129185038,0.15479807003422666,0.026493069192741237
0.9597318803199316,0.29955930548403764,0.06593694345548753
0.4744758200862815,0.4411080016854691,0.04891847036381712
0.0760360702887551,0.5082244570165172,0.009510456033501785
0.6764090868143413,0.625104222897223,0.09323428864456781
0.5158575727635718,0.35919768546968783,0.043621854338061414
0.4832956569270136,0.477052013746514,0.053568745216162277
0.42819418180726826,0.38285314444144036,0.03882622760376575
0.8787467057299386,0.5523282139046374,0.10552149214252014
0.4196412757053336,0.7994952314715764,0.07566188435430812
0.5060323869690074,0.49095467380464775,0.057422615995635314
0.5726937936713586,0.8633490330226491,0.10703067366396884
0.9080208676739575,0.30455336978648434,0.06353454501507168
0.8704457470075261,0.5417252035017395,0.10286326413105806
0.8655041699732082,0.038057121497966105,0.0081340658987028
0.4605275882255198,0.3059981546774403,0.03362067149989491
0.9158911006257995,0.07352987775184121,0.016446903998396323
0.706887987580415,0.8741150144818218,0.12985355260700568
0.7659764256735679,0.5299016792748218,0.08995210241559802
0.9274033992235592,0.45690938346689064,0.09365235887706796
0.06856012071824046,0.8826745778066378,0.014788675950111933
0.70405059096328,0.3332981443241102,0.05447645260779694
0.722793201812607,0.7334373190830518,0.11385086927962346
0.9218081769290942,0.16631203830072308,0.03647584720167397
0.8882566038851762,0.12303625099255867,0.026344790626120797
0.654661860968404,0.4161957490884234,0.0625724971199587
0.5210629446268008,0.8444839753085559,0.09656388168371385
0.7484925386930696,0.5409696991473486,0.08972959272980972
0.1945100830967115,0.37692030470948973,0.017854356482601936
0.9793007019454856,0.14113683472324187,0.03306335553180848
0.9002291801267573,0.5022880780087968,0.0991793661734817
0.30781222724536106,0.5953658794263124,0.043144303486105894
0.28889491541324847,0.7273275946623038,0.04907966371204622
0.7274272581548787,0.3391583977030571,0.05710087917209194
0.8855389957984234,0.28242257150989847,0.057849257531410216
0.6912811806919444,0.595864671948011,0.0911324323996248
0.2155243042432765,0.8194535439547009,0.04166214890027297
0.18555794524579602,0.18857058931166207,0.008625028930158565
0.6448964605495711,0.49038600286685696,0.07175500376060248
0.21024912572824853,0.831694877161428,0.04126958793129462
0.8196391630855526,0.2518248021855757,0.04833954874468083
0.2013271529175128,0.1436464564781774,0.007141795001964598
0.3695436543976546,0.4271104905351862,0.0374546750243059
0.577562722933678,0.6405376733573667,0.08271556494374387
0.37424625497344594,0.12912813095447367,0.01186654505700758
0.8743447096234257,0.15606246620605366,0.03261972207166846
0.1082493618351592,0.6921627356917169,0.01822728900792299
0.6668678608903207,0.34708409299564347,0.05379124506841675
0.6704134431397463,0.7411571768498799,0.10753429592925892
0.1334425677601881,0.8497799652944126,0.02725856765693267
0.9644402491168744,0.18906740370817504,0.043062271563677146
0.8975306458613078,0.596860283578328,0.11512222103968175
0.369097061694229,0.5761591277307857,0.049639019049065494
0.7447668659651168,0.2434399708090476,0.042761412281478624
0.3116936013726387,0.271686570283766,0.020546407375489188
0.9312198392719088,0.06600786079647389,0.015040754260658946
0.9252209635291242,0.04732701401024386,0.01077775250234166
0.08662082513519477,0.7267276155190221,0.015370312999521794
0.11784243084433442,0.7319748022107148,0.02090911230565986
1.0003214849581992,0.004474451213476116,0.001115411604690504
0.8489951107312858,0.2970498096877478,0.058299906882377614
0.8944804004920088,0.08017817094986626,0.017490205233733826
0.6072977746804604,0.7076822253626814,0.09458412512665694
0.5868240243031017,0.6353349516216522,0.08328856393557477
0.8028017382707405,0.8658983956629627,0.14360180794238728
0.7507362486151468,0.649514533951163,0.10580515902115101
0.9869044125083455,0.010288611725449648,0.002526317040758097
0.7691187611772482,0.8347532497639523,0.13424986705237268
0.5651398684021194,0.7402762404302258,0.09231119506597175
0.5142529693551712,0.6135432693472291,0.07156932036365672
0.011471622036277728,0.6604443101268703,0.0018837745026170584
0.9629014615814036,0.06137804471138494,0.014474718738969007
0.8481676491726221,0.7924423298455884,0.13967624065136197
0.14257026306199186,0.4492319776478499,0.015637741538418563
0.31243394566200705,0.715414604582716,0.05199017885083043
0.9629198522426973,0.04965506028333688,0.011751368375192885
0.889852719748058,0.6573232639258031,0.1241867534382965
0.10634925800834531,0.6956124592680429,0.01800150614716444
0.9567109933944292,0.05982294166627119,0.014024590287410515
0.9613452548342228,0.09455324538005691,0.02204095866004457
0.7086232338365626,0.3510851948806761,0.05752737661102965
0.8760416316673058,0.2934798210256139,0.05936030493376259
0.6352849722636286,0.45591166492304264,0.0661977315573794
0.46488798669080883,0.3078051941716785,0.034105228018773824
0.06959386695081296,0.8661762253578205,0.014732516424411524
0.7932050384552908,0.4678063598114892,0.08299720210223407
0.9380734474873692,0.18212506141486043,0.04044074828724585
0.8082913686916271,0.23157377991392666,0.044080747946934326
0.7289791219108197,0.4953548345414856,0.08096234556617676
0.19049031967887237,0.7634047918800017,0.03462076776904508
0.7667085884421267,0.30343560882957205,0.05405213014072531
0.18761513024084173,0.8139687517492376,0.036278600035715425
0.7456575747766164,0.38365342946949693,0.06546230361371795
0.8205871187651094,0.6357768133753695,0.11233128873792475
0.5444124065942884,0.0984500935958841,0.01314161711074577
0.530475278844997,0.45549997064366293,0.055969239029060605
0.21781634101291208,0.7232574450336323,0.037372598961621706
0.6449227356670874,0.09283529808571388,0.014651208803781075
0.02349653347034053,0.21881891114625068,0.001279199864581495
0.9869783156946209,0.09883039316266509,0.02362019196114357
0.24813503706101234,0.311794939652999,0.01881553808750928
0.9444609160980378,0.3156427171868775,0.06813022595246387
0.037086045745818766,0.2626446628458606,0.0024204045756899078
0.8716136748541358,0.27118462635756363,0.05487810134201554
0.4402642832413043,0.5398592543437523,0.05511044980737958
0.9031352165814115,0.5665633641582669,0.11058766597675236
0.3885812889410352,0.16391746892076656,0.015561819458709074
0.6811231457516748,0.7025384091208562,0.10406135472901039
0.7771215677959817,0.8071278108611004,0.1316276349773993
0.722503284488522,0.634129159208313,0.10014945464602457
0.9927999881318041,0.07212458871222964,0.017477470366951155
0.7563300985659658,0.7251008206806183,0.11726769371933762
0.7487316405869305,0.675418118937728,0.10923095998235749
0.7474966174247135,0.7136803978954724,0.11447528420097249
0.591120314746022,0.49844601458195287,0.06725248713931918
0.12221028086345086,0.7395644275575755,0.021883837033432656
0.924932372749435,0.549781960650253,0.11006507380541962
0.5098138844865019,0.39032056155778333,0.046656488176247624
0.4406055412271126,0.27929679638697585,0.029517588419912102
0.8409418088566932,0.642984091515583,0.11591507795322036
0.5139524229380139,0.8119572124834049,0.09209029725602057
0.5247131565146503,0.17425707562253834,0.022147300545746533
0.6537781755306096,0.5647210468682288,0.0825704964058565
0.545542822175461,0.7560741201598572,0.09114181901409432
0.7716896849578246,0.651747139661491,0.10875481102254642
0.8511362592367657,0.4761165673251417,0.08988038691437647
0.4947166915534613,0.867659329673067,0.09441496130201901
0.8482512926821375,0.42187878641734994,0.08036880081197002
0.7763249158406355,0.7299953697888012,0.12060888558796116
0.5968148867011009,0.7787491832373338,0.10136152041711191
0.5065029199059634,0.5668586393877904,0.065640953782033
0.9736533192172631,0.0422204794036473,0.010124809144049961
0.7329604119071896,0.8880140701354249,0.13580082455670556
0.8942521470840868,0.3575859008737915,0.07255787641937929
0.7672398173027448,0.29561057204033714,0.05277437868741516
0.9851699781816771,0.11264129136552883,0.026765410772873807
0.7298783045963416,0.1003120206528984,0.017844671849598426
0.6115333451999534,0.8861160618411545,0.11592015238996475
0.10658609389987427,0.5210455805296944,0.013593884091573907
0.5548405564075651,0.8028833359028797,0.09761368008142633
0.976996352764546,0.013572162967916348,0.0032959333775542028
0.3683474544149376,0.5397288079627753,0.04659774129941904
0.9743246458693408,0.013915524247823488,0.0033697362914903877
0.8581888043136643,0.3100309644807785,0.06126803114283754
0.7272978030322158,0.15324605166956212,0.02684496355682929
0.9942302665858238,0.044142989068039484,0.010802751971627734
0.9047608916552333,0.2115236153920224,0.04501462996315872
0.714064938043973,0.28130309527120284,0.047095549196578525
0.262486625262253,0.6454500470383391,0.04005659944656943
0.017086451537155014,0.15139984011853722,0.0006443418894949602
0.9930687028673917,0.01844132524514902,0.004543954409185592
0.7785560401397043,0.07559577563961259,0.014412863483814145
0.8743415872907795,0.7125994741910321,0.13108003419459494
0.7768695348299577,0.4767506137427502,0.08284854954511486
0.36122779025033636,0.12423515607753186,0.011030653284814743
0.6609379403902204,0.6584963775351398,0.0956558345397904
0.7819650437249404,0.20663150816812823,0.038332187593440634
0.9157487201113425,0.30050742167371863,0.06322709871108037
0.44231000950853794,0.1285961871084642,0.013927833854027783
0.7401149187280509,0.22833815936240368,0.040005064496769834
0.6260660491668625,0.4223285166666067,0.060854220826741044
0.9506556826111134,0.23682335638230317,0.05248329113034678
0.4448591110650258,0.4808663924987738,0.049927789223534004
0.9406487615484066,0.24304455667182548,0.053242294305804114
0.2466376017803265,0.8554918634269979,0.04926442480839401
0.37813594160344677,0.3797505844551017,0.03422607006151186
0.932069054129146,0.2347859965980321,0.051096449020372955
0.22325913172451536,0.5039320116365011,0.027061777089553977
0.3088233405295216,0.8481831547859057,0.060272495700112394
0.1517041120191729,0.7961645601598349,0.028973202601135378
0.6900453998937801,0.40506322048353305,0.06408321774876644
0.9647236994569373,0.18589762972644142,0.04237415405727708
0.3764558914356338,0.8033783123893433,0.0688260109781263
0.6705158083297421,0.563469211839408,0.08429337891094284
0.619441021482418,0.3350241706319864,0.048553694914572475
0.6644967853036403,0.6467933600036179,0.09461416632230203
0.6318410124541493,0.8401448705724109,0.11391275677534161
0.02362804460185277,0.5115172821027681,0.0030005293875047102
0.9934624530323545,0.016880435251090644,0.004162339835276317
0.9863658595410117,0.12705199986305216,0.03010534239705376
0.5435891678638161,0.7109130396009193,0.08600972450172904
0.7577116264525721,0.03573706700021218,0.006699304917043002
0.8402111534859925,0.1473113575775233,0.029708998055837415
0.8277672451115818,0.6741566481447265,0.11910757040919467
0.6440816945394283,0.8514736840544733,0.11717792409503149
0.7253532121705021,0.4897638114608477,0.07979084513555963
0.9634748827956082,0.2797622788027785,0.06213139026720012
0.9991739105637809,0.00240184645201742,0.00059848148773054
0.25932713394210155,0.37924401650122247,0.023759483810585288
0.6361546613826544,0.5146763866671218,0.07405010926817189
0.6790385027702771,0.5806141955675955,0.08760782955796903
0.18701401945123736,0.8277647877619767,0.036749861552304
0.9862459658290715,0.027536068637974143,0.006718258168472197
0.02810764754605188,0.5341372647760563,0.0037237402771630465
0.905748908045417,0.7898600622225053,0.1475139049802446
0.9710399158137158,0.05713477642121123,0.013603329943035737
0.5565994066760283,0.7652142587893137,0.09381515476177599
0.2332038091772494,0.8849801426844964,0.048243173857042514
0.7924215922102589,0.3156537215450205,0.0578251471666906
0.727655685969649,0.1790049300638876,0.031185576373942366
0.8144943536989372,0.2575321366980692,0.04907221593179496
0.3226219001423901,0.6447722623971106,0.048626014449289816
0.8502628197330816,0.0945685014660946,0.019558743721557956
0.9380544573047912,0.07696325944969921,0.01761169925882067
0.6680611804831126,0.4277993973421775,0.06539899111614875
0.8313935569693924,0.33910319195930855,0.06462486600233282
0.8984294716037566,0.16168305020705379,0.03463881942013138
0.9179047962996199,0.31398128448290485,0.06599438097334825
0.652900787510059,0.6021645121692877,0.08735436509329131
0.5864161032508902,0.6389855506123713,0.08367982474788001
0.7738785217445228,0.6659778362901009,0.11108948771911939
0.46005746138610676,0.27442640980987043,0.03025400102962351
0.8964965845055791,0.13659399446245082,0.02940478105967102
0.28823581506338053,0.180932801081548,0.012785919576077017
0.5076077669914383,0.446812158082154,0.05275602532677073
0.5286482135726712,0.38271178361615227,0.04740024840595953
0.07873661812129534,0.4140722743448099,0.00804007722488038
0.8467815354729493,0.6143124345704312,0.11207262710377439
0.09994746130228896,0.2929438458741601,0.00722979054400736
0.08977617949425867,0.025022500147235387,0.0005597082711662866
0.7480049142069642,0.4530932154580149,0.07645146151965565
0.09850145660260744,0.3614203127046647,0.008771928794739986
0.13575552327241683,0.2836319585731061,0.009479596797901951
0.9746417328618945,0.023149064063734494,0.0055896097980619565
0.37467214354460643,0.8499331651071902,0.07214558753821865
0.3672450849427676,0.44655530180851394,0.03884051949654832
0.9435508405686585,0.3373202592296171,0.0723292656873736
0.5990242418531029,0.7709234714345168,0.10080993281826145
0.3717339579618847,0.5663548669659344,0.04918249646274329
0.08488444205262181,0.4352453267308412,0.009099850101988893
0.15433959730057237,0.8174158942487869,0.030207456676290448
0.0287318635029633,0.32721366512948263,0.002336274076707201
0.9052017407199826,0.1688074452076679,0.036352755189389976
0.6267014068634309,0.43427301651081474,0.06250465317371502
0.785441701712737,0.8538536532755241,0.13934618373242433
0.3379519018941461,0.8650734137106648,0.0667198045281732
0.5260016169128948,0.49495486244371806,0.05997418868655667
0.22014270489767526,0.5805351766847757,0.030586377049498344
0.9081179683546208,0.06393006358412182,0.014222461977656661
0.8935289768388307,0.22617019048997614,0.04740205489510509
0.4157500731849098,0.4984387948975994,0.04846845345309156
0.49535240074961434,0.44378558000663165,0.051235384917234485
0.7475183659079315,0.20106647053837265,0.0357801024975917
0.9227516010157368,0.010812304592007205,0.002483112541311706
0.5393629155897851,0.735524976132158,0.08805350535871968
0.32229312449933384,0.7680737954295672,0.05720231867131578
0.5723337278227058,0.8715980488590254,0.10787538310023609
0.4952221779858928,0.6468569637028352,0.07255635379442671
0.557762301475039,0.304584313697636,0.04017961645358487
0.5807461166596315,0.3395207707872255,0.046266714917622395
0.29682408425823165,0.20506920968595313,0.014882705016653933
0.9388500451543896,0.30251312320529916,0.06513676137690011
0.9380817141191198,0.37631268313147637,0.079504237277528
0.6405582902967205,0.5000452541617985,0.07258861910672962
0.09145932226488962,0.6244160795525227,0.01397117466474362
0.9045730586624129,0.04251749538202097,0.009482362556534066
0.7977296028567699,0.8639766780203668,0.14261870385749387
0.14069905907281413,0.5030795774445381,0.01724343594311392
0.9459770888810292,0.45445744365119,0.09499629624736934
0.6461343552876555,0.7058493871000006,0.09971958120548126
0.20215640794173195,0.6185419312063466,0.029949776555077225
0.05810245228444955,0.5088080972702604,0.007297383385392426
0.37836374818497404,0.5060390965023852,0.04497561540832049
0.7313088140062495,0.13505603697480245,0.02388514105652303
0.8762401938557887,0.3893677117243085,0.07698341130367696
0.13022234982781594,0.6023675687170682,0.01906312832357539
0.7555855980045709,0.38050620594311513,0.06577823274690092
0.7700790604852272,0.5698659593467049,0.09642119674973974
0.18947347179179855,0.8706923572443089,0.039044039198588364
0.0782991479834588,0.6147583400786628,0.011811071575134911
0.4827328566272584,0.3524623497720235,0.04023590398000296
0.8962944337640585,0.16852731274808827,0.03595747456261668
0.8742400626199914,0.8119935717443897,0.14637055519196998
0.6652175100554096,0.4294381714552857,0.065365541345456
0.9499861978497903,0.38744664995647177,0.08262501534685154
0.09950530024170219,0.7100520457898968,0.01721358626296464
0.5766662968207951,0.8857376999380092,0.11010914634770137
0.6064463946626731,0.3327532133871859,0.04729590988545456
0.7487645736874169,0.8720395823846113,0.13612830484754157
0.18225545889947048,0.8361237489888774,0.03620228683216603
0.9586318070643948,0.159923327185783,0.03648365793404511
0.6365870370151786,0.5479664551600927,0.07844860954792031
0.19173188214208295,0.35210537144609594,0.01646583900704616
0.3680795909848996,0.46506616435922715,0.040454743395346854
0.8702141003660634,0.3875652183727601,0.07617061207254844
0.6759854971273517,0.5281187142943268,0.0801018689127281
0.12233205966262324,0.664054008562944,0.01972646749470197
0.42611363943372554,0.8606405293524888,0.08202011420492329
0.7479173585431231,0.2557810473739123,0.04498219118108861
0.2234033354198305,0.5836924863718426,0.03118987293587662
0.7572760640198031,0.6265943970031399,0.10332020535563109
0.30197033237576204,0.26344867411123835,0.01933279618252974
0.5447834678900026,0.22515570562285334,0.029434200803500087
0.5205721135624172,0.5796996991039101,0.06871598937755986
0.10033492771216479,0.8120864871105751,0.019782454325240516
0.7648820186828188,0.3519266674215287,0.06189061455176267
0.8473224751414761,0.4311177672231646,0.08185164405428082
0.8381817269387847,0.6905463423309534,0.12295926112841886
0.4307505421708407,0.5499421777096775,0.054936630074633626
0.14049584998097914,0.6693603282848465,0.022742996895861508
0.5511345068264175,0.45619603782088014,0.058062617235189476
0.5891696063629812,0.7946781541162391,0.10204318641098467
0.37130307986931793,0.2853698042322609,0.0255481540998478
0.685246508073721,0.4883006054854971,0.07554875003541178
0.4871529720595414,0.5411010384059373,0.06066251324199033
0.3327497085303935,0.8217244709751353,0.06272577078599757
0.8152238395685368,0.36761162533932623,0.06835953501760798
0.934621955401086,0.495824368407062,0.10147840941713972
0.948531537785985,0.3694367703389917,0.07899732321256174
0.9180607009019789,0.13715089300344088,0.030204419070142416
0.9885281990977594,0.036487844550188504,0.008898123028332823
0.7710346290127379,0.20986451160552771,0.0383853843716316
0.8916644686541226,0.5312502194363873,0.10333813850218312
0.06825301552837752,0.8854474356485398,0.014771191846951524
0.7077579903926214,0.6345772567108555,0.09839955492687458
0.7968012112972478,0.18903038899952698,0.03585079536539482
0.8039148822306031,0.3819522221901694,0.0698864046577612
0.2838868470470666,0.09336858736068107,0.006552414026064304
0.15857882823486322,0.25637138895516987,0.010001299680110346
0.4098564813853682,0.2720042446871363,0.026834879502103896
0.9985299910812855,0.017387199385337938,0.004308636745196143
0.3300682663675069,0.7582223004985809,0.057789377837900696
