r,q,KL
0.7967852245329675,0.9814789806272664,0.15848813673763695
0.8216098043772818,0.2847400500176485,0.05435453654982998
0.37543820514578546,0.6292731697490501,0.054791501623598304
0.06821924773662912,0.5810364787803566,0.009751595338860266
0.9544385181074838,0.5999122731322729,0.12239253799062755
0.7098382510037631,0.5352481053616508,0.0847558334943236
0.7519653192513804,0.9957771042185511,0.15283132226149782
0.9279943713041513,0.501946084696926,0.10193092901804578
0.7103715554421083,0.7710225764025076,0.11706663043251886
0.30830712123445675,0.49416177862830957,0.03619948540369134
0.49886295101646455,0.9304424976796658,0.10119221363816636
0.8253522559238426,0.24588538364043314,0.047562729715539084
0.753942794693235,0.3094383386435249,0.05418608931985544
0.9695211908434983,0.39107965103889714,0.08502479587405935
0.8390577983035007,0.27027173239930985,0.05279014996166016
0.7705478688121984,0.35001494942861383,0.06200633832376396
0.2857251733884448,0.9362296910896857,0.061456642595267
0.7468659821851207,0.37788421583673415,0.06466807903074447
0.5078634401604799,0.7746492087999102,0.08739013857849696
0.9719585920499435,0.04056724038965409,0.009716598353804944
0.9533390087066416,0.11226259446550861,0.025823404146210555
0.9473150362594219,0.10862827975822453,0.024857488658847585
0.931092672092685,0.6372612878588723,0.12598279614227245
0.5866632900813733,0.04232872142225974,0.006146078282077185
0.9762145310276007,0.04771338555340965,0.011451533285911308
0.957669114912317,0.3192719826106271,0.0697548129034505
0.7963585161749004,0.21120551150484898,0.0398301171363834
0.37906070860878965,0.776245848784648,0.06713376242880037
0.6263778074690706,0.7972413245993594,0.10801363856682476
0.9302180062424271,0.17178831904492098,0.03794893828397443
0.5437288278402839,0.764633787879766,0.09181013995889306
0.6146449823106045,0.6592989106403151,0.08975022943308242
0.4114946596711497,0.2119863970193987,0.02115951562971133
0.6405225385577566,0.23054234744899116,0.035166338499925884
0.8454820678196687,0.2242465841766698,0.044615528330092594
0.8632563097130019,0.48188496869150826,0.09202486123872197
0.22880021107643364,0.5648396490529686,0.030923221582095144
0.22186676129801025,0.9760863665365013,0.05048739427778026
0.9141545114946605,0.7939457167905265,0.14933791139920782
0.9363257293180004,0.11831348351995137,0.02669924493443864
0.561501441129242,0.9256248638543861,0.11180634523638817
0.9995727333756076,0.003412065527945596,0.0008502110173072084
0.8040575746092515,0.04775834794184863,0.009468194054599541
0.9084832841080013,0.08509802683485478,0.01882865911267388
0.4368277765395361,0.8837803850498934,0.08589773906940298
0.23625715534557354,0.7055342265918358,0.03942374235938627
0.6544188860144684,0.5549113685110217,0.0813673666076629
0.7858558206167635,0.24897642845115706,0.04596155987484376
0.979731618111325,0.048569978323478535,0.011695886570345915
0.5021067068959334,0.3976576774190403,0.046807463887534456
0.9141897579724868,0.21597574468331787,0.0463768585003714
0.9397840650657622,0.3834579722201624,0.0809902833704177
0.8564382268751894,0.4158138811192861,0.08000149154664653
0.9453173622451883,0.30750120362605504,0.06656685450026441
0.4375754899725826,0.3543523503569125,0.03682433299146036
0.7572540790235565,0.7436268872105487,0.11990262886551976
0.8298909553979813,0.33030358778048663,0.06295570913346552
0.4018296924283365,0.5470847142949687,0.05121385381805679
0.7500053149738709,0.12259351732088371,0.02228170243247552
0.9033029209367485,0.42547239625406597,0.08577878385643845
0.9060677948403426,0.14677367564053134,0.031832305207820946
0.4214722285474245,0.27440203166360994,0.027801979878695992
0.8048081591580151,0.34243253436831245,0.06326556213149373
0.5888522081390504,0.38267020960645126,0.05245468770545128
0.35959636223336483,0.9588438493080905,0.07754260079463533
0.8316150435451312,0.6227938896240682,0.11161416253583958
0.9231114804200795,0.8672292723889649,0.16223545810677073
0.15970900290559922,0.7519494276044622,0.028807427480483823
0.7506142317946953,0.20721835921782802,0.03696504263520096
0.37179861534747044,0.8141028898324891,0.06888300208017752
0.23552875979393384,0.14267846755947147,0.008288886028724062
0.6123186564186063,0.5145892631498148,0.07150697667616768
0.9093970122054562,0.07854955315461022,0.01742759570538933
0.4601373066857321,0.9765976071487292,0.098363653542196
0.8424728763036776,0.9591437111058669,0.1629148094629821
0.937172201639699,0.20715744077397785,0.04565672350074715
0.47701677539422327,0.30879522460989056,0.035073056847371095
0.9748400601665944,0.04510637079565627,0.010820165725145143
0.45045569901447163,0.24792008419343456,0.026877099261125373
0.7752956237468249,0.28931555555294886,0.05226043184938914
0.3991753484065424,0.36682255559513,0.0348712612643659
0.7487111855295018,0.6767308037429214,0.10941110766346955
0.7560997492419239,0.6111893752391062,0.1009660698626656
0.900641122486732,0.21015624847300268,0.044552039268514504
0.664580205289856,0.8579232850199,0.12118215767712147
0.3239670431283879,0.27422697834529647,0.02152783379136163
0.17726757608166127,0.9117524994102412,0.038285981390545655
0.43629628275374865,0.5503655693203761,0.05562130945504123
0.20126662598866704,0.9664905428517785,0.04563335004300202
0.16265237898748314,0.3144067920424717,0.012537319976147604
0.806395601249255,0.13159458201438445,0.0256061530639915
0.687460433462837,0.8373973145369593,0.1222102342052211
0.6564874108546271,0.5084749014163404,0.07537277839313378
0.4981211669377087,0.6648033603300335,0.07479650393380237
0.7398307111746181,0.6885000657517323,0.10996026505390065
0.3305163816247765,0.27393311918757485,0.021929631229540482
0.7047701191971678,0.8323213375887346,0.12421765675330308
0.9867386599090917,0.06249467500145223,0.015091990824226437
0.4164705457398922,0.9143372590010662,0.08484107759327507
0.0029437744701143877,0.12063839849786546,8.851223208661319e-05
0.942185562267241,0.2862966041661705,0.0621142259383949
0.842524337970172,0.8136611230389794,0.14202199565224777
0.9767730287769409,0.08240794388130822,0.019584996306792942
0.42990997175950435,0.4382800473034214,0.04430510528847464
0.08824728302855309,0.8177037747448074,0.017572610408405347
0.9569846944866184,0.4087333326897735,0.08730060048131515
0.7301454753206953,0.517749707186977,0.08437549269407454
0.02095838585351138,0.11703988347506633,0.000610962897819405
0.8878631185244317,0.8140065192501122,0.1487328341611442
0.9677217051217788,0.49786740833251214,0.10535931179128684
0.6577609128234395,0.19149781793003395,0.030199593945034894
0.8850095113483344,0.8361902559254403,0.1516158547864614
0.7991624880411815,0.8852335358126084,0.14575191945410698
0.4467545553939913,0.47669061343706165,0.04972353770053803
0.8754682510355163,0.5483421898648764,0.10446496961866332
0.9677581095625023,0.20886640923031588,0.04745176716812699
0.3172774049270676,0.7960797313809703,0.058278429622217603
0.9890002161714129,0.0669830006304839,0.016192699792378362
0.3953217985436227,0.9315945151546435,0.08233954824822659
0.7567615689004403,0.3858218939659991,0.066727403771635
0.8345314421159918,0.7463223600913118,0.13090141315282994
0.8916906724902744,0.0635639191391969,0.013892976332008719
0.7567671165000719,0.6468760427088738,0.10618059941581601
0.859159630799141,0.7360571428957441,0.13264387628383498
0.7967251888390728,0.3987588451279414,0.07209429519571131
0.6821849384611288,0.5071825303221235,0.07786354197711487
0.9204870578078962,0.22872062776362406,0.049269063643026086
0.7665228433441805,0.6501941808471887,0.10785257984249035
0.45110392855843534,0.9712842642006732,0.09615208235852135
0.7999912883115795,0.2987130847246813,0.05542753260130642
0.898036755133718,0.15177110495827867,0.032591247778077925
0.27864716730681627,0.20103644564616446,0.013717445457708415
0.5012660281033288,0.49645795342461546,0.05751259057205142
0.5218763710926685,0.42523531512905804,0.05168482751630071
0.07523222934785292,0.4600803048275664,0.008529992903286267
0.8661469856571937,0.6825693717449236,0.1252475448591671
0.09558323084842411,0.3254931620823999,0.007677283851313072
0.08568267705645073,0.027802777941372647,0.000593508846347555
0.7529427129515243,0.5034369060644608,0.08460202100287337
0.09422682065472929,0.40157812522740516,0.009316971796266674
0.8755878552756163,0.8804914776062093,0.15682533835756865
0.13690481249626066,0.49914664183094426,0.016660162649604602
0.30537486092793314,0.7949051162030176,0.05615923035864726
0.9637352881688847,0.05517228920370765,0.013045642956444637
0.9158734748319298,0.7303591821397812,0.13944354854809773
0.10199332361046495,0.7729027325200477,0.019153604111252834
0.9577359528674829,0.06646993518474575,0.01556849008828376
0.9645119333506342,0.10505916153339658,0.024492804875442992
0.7080668980365717,0.390094660978529,0.06339415229895637
0.8835631577076141,0.3260886900284598,0.06594010360351779
0.750991655732159,0.9866823001504718,0.15147001016705
0.9061557717629877,0.39731766763754617,0.080846084362616
0.7680185680856232,0.32845619115593017,0.058274574164773524
0.9908291163231269,0.12515699040614314,0.02982449087975197
0.7226983941174442,0.1114578007254426,0.019585101378266547
0.6184881662476764,0.9845734020457273,0.12818610108852105
0.10211606188122514,0.5789395339218827,0.014454690387006005
0.5562993818902974,0.8920925954476436,0.10737004921133243
0.9765722782965055,0.015080181075462606,0.003658695667875199
0.3605528675500374,0.599698675514195,0.05042631385665319
0.6559885698798048,0.6274678298535875,0.09103536159240855
0.5456536225170376,0.8400823557331749,0.10012533093389818
0.7853526991694586,0.7241634885127676,0.12100871047622203
0.8648573370191083,0.529018408139046,0.10016203377968244
0.49398011042168855,0.9640659218589636,0.10351275377381196
0.8593736551901969,0.46875420713038884,0.08943997087613031
0.7932775744627815,0.8111059664320012,0.1345066043072424
0.60039331783525,0.8652768702637043,0.1117474993019736
0.501894224721523,0.6298429326531004,0.0716892558085882
0.9746465187183856,0.046911643781830326,0.01124289390980041
0.3708444926501811,0.8926425693214931,0.07475243592687006
0.6737188149594164,0.6260769020437865,0.09305380123299248
0.6145902710640109,0.37224907847998484,0.053201573208464296
0.669502702636456,0.7186592888929085,0.10454845768399804
0.6393000190134303,0.9334943006360119,0.1260036112681392
0.022488309971499778,0.5683525356697424,0.003172490675579021
0.9940973378347913,0.01875603916787849,0.0046247668742271444
0.992932758341939,0.14116888873672462,0.033586059216941834
0.542817393796164,0.7899033773343547,0.0944005328874713
0.7493427675803127,0.039707852222457984,0.00735550315344539
0.3866629365274866,0.3286209352650626,0.030436333483984918
0.5984895431965513,0.4084948925650229,0.05658455717458359
0.896122601445814,0.6572509650148052,0.12495932581647183
0.3994320963883663,0.9344190167914914,0.08332661112952865
0.8955013003326062,0.21682672796185193,0.04563567860041866
0.7717057731277365,0.2796442830683401,0.05038526124700056
0.8395716812316637,0.1983421217393186,0.039455628417818384
0.911378135629226,0.48425242654227996,0.09710241227665839
0.5312320639482236,0.2692577395449241,0.03410506666430914
0.17019779681554886,0.761199912347947,0.03098813457158385
0.7095980724187357,0.49480688665042116,0.0789266986834543
0.7424056417884889,0.9470026981460482,0.1448895163734864
0.7184950196273994,0.8925284173702364,0.13408098434955631
0.07043496770953109,0.251194198236613,0.0043843099308125185
0.5341037487261698,0.9196540615619676,0.10642880926306683
0.976095373380502,0.1507643647449659,0.035105744770802305
0.7916331726743124,0.7486077082226023,0.12534614053324353
0.8376375293454429,0.32830114440753083,0.06315423586986123
0.5956320327020999,0.2655161895261474,0.03754385921341414
0.3983369694275899,0.3059907647681857,0.02923961736565324
0.9046390415358583,0.909240810013527,0.16571509967768452
0.3425157493326969,0.7909721325783341,0.06219449049064595
0.6751763613190837,0.15380728780750696,0.02506705724907514
0.2636896854075323,0.748991711948692,0.046307790562605596
0.8804181822479666,0.40300862274320715,0.07977693421437075
0.20729597652453316,0.9914071607390613,0.048051945842267435
0.9397796964453223,0.21160772639458297,0.04669960623527712
0.8484853194256892,0.4104755828190501,0.07840407048751634
0.4148528479389529,0.943287575105535,0.08695103539097393
0.6020137575541255,0.5802032446705759,0.07853218652066321
0.953343220906993,0.051729231983775215,0.012114159320121451
0.36276925919422975,0.8501913468087868,0.07006785848770668
0.9841302436033105,0.008895805535434675,0.002179401892875953
0.36075214902180053,0.9787675621852968,0.07921911310346927
0.9490755720927825,0.8270030258190536,0.16007885838253263
0.657705267482522,0.7852109593263713,0.11120403490772122
0.9743406619963372,0.0480834870025465,0.011517439922748889
0.6877537456673608,0.20743926620697464,0.03403105213652062
0.6824870635540232,0.8498656310952116,0.12299383895574766
0.23421935809988034,0.43249481165503073,0.024452083555247632
0.9237755428127558,0.825332906384798,0.15576095198003767
0.42090629521632617,0.338215312471576,0.033939124811431326
0.8657855819513887,0.5757605479445136,0.10799476913855986
0.17991091639378193,0.753301864708477,0.03235990239583111
0.5347018315553899,0.8271039370247953,0.09697824008156306
0.13707151497088615,0.933438470851581,0.03062125168804578
0.9294914490718806,0.1449946949362273,0.03224505134496233
0.8431765367965306,0.7455802110439376,0.13197190260725247
0.8298932314738318,0.13935139386782236,0.02782735972837892
0.9176365347047308,0.9065287561129269,0.16740595430097494
0.12126734720802614,0.9549361640684995,0.027817857688746315
0.44128281045833434,0.41140078086737386,0.042775468841431394
0.40039272770342493,0.9396418119783944,0.08391281511318606
0.9268929916018612,0.9267486927535599,0.17205858219518239
0.20305479884721672,0.7155717419428654,0.03459286800889545
0.9963929644419772,0.019462110803344146,0.00481001744178112
0.18689803660194582,0.7973993000554287,0.03544278813675251
0.3442984805767436,0.9007551884531134,0.070416042307552
0.7757041533740879,0.5238628197795624,0.09005869805076665
0.8780596814552358,0.19716268890848357,0.040939238067539026
0.8475694053784034,0.1050761127401051,0.021605265778652488
0.9389588168185127,0.085514732721888,0.019535630074089583
0.6675562845969855,0.4753326637135305,0.07198526070804917
0.8377727996580244,0.37678132439923184,0.0716898271854908
0.9012689284182324,0.1796478335633931,0.03842094692757456
0.9295571427328374,0.3488680938698943,0.07355550240632934
0.6559997812251748,0.6690716801880974,0.09635745494603835
0.5865018437184986,0.709983945124857,0.09196697082295338
0.7882562929178523,0.7399753736556677,0.12373875952908037
0.4505796886819668,0.3049182331220783,0.03280750172125869
0.8333945239161229,0.6523691115879877,0.11643710396167734
0.9343562508438852,0.23451020166982403,0.05115867619645406
0.688226488461286,0.4349475522251422,0.06825009528188314
0.2767357456221421,0.9741861932592554,0.06190433136576631
0.05674291809356732,0.8976776081085487,0.012488287050045553
0.4042945182715121,0.8442310376087411,0.07683816347961667
0.6178826151818264,0.3924046643347782,0.05616731151887982
0.08354541666855878,0.4930230187317424,0.010129134973632922
0.0669687867559237,0.6766893518310659,0.011130438348891505
0.9977015948890463,0.06080271295805606,0.014867767121981726
0.7611771263640164,0.7504645765974757,0.121404897797843
0.7611277472978947,0.7929782198838582,0.1273396666295339
0.5885959685295873,0.5538289050910585,0.07373769006915978
0.11740671356735316,0.8217382528417507,0.023312552147018793
0.9494168056362148,0.6108688451669478,0.12369200198371781
0.5026947478154381,0.4336895128419815,0.05083032925437961
0.43101751070764577,0.31032977376330656,0.03197778782593739
0.8609599995025887,0.7144267683506478,0.12957234216799382
0.513348305804515,0.9021746805371167,0.10103575326629412
0.5145922716729111,0.1936189729139315,0.02407640013179329
0.36780105936290636,0.8129445546469997,0.06811664147616824
0.8261262761816823,0.1627551056294232,0.0321618727150018
0.8910522324368094,0.9789826330961565,0.17385332195195038
0.9623747367552032,0.3579102365180006,0.07786006659313618
0.9900598044971993,0.001025921353463799,0.0002535706426283331
0.0190687091267314,0.04362992380630637,0.0002073241696987329
0.9636290628064289,0.028871525898551353,0.006881334606650248
0.9161772544224325,0.5813233404798762,0.11460669207511397
0.8538980973055279,0.5754834558808684,0.10663846022693303
0.9844239481108036,0.10175442424937033,0.024234067744571746
0.9084257648875294,0.4849443269772881,0.09689849659726235
0.8520122446040204,0.06515419737010752,0.0136107976197827
0.9963933502235366,0.005626050679392924,0.001396593823868198
0.7733105475382325,0.8306214369712569,0.1343071857026968
0.6842405380331424,0.9833022442861755,0.13953328306084256
0.8954361233261702,0.7846098526726795,0.14516474326340717
0.9348433108991631,0.3156034899782732,0.06744674895773824
0.9071439755259403,0.7053337045894537,0.13416429763622562
0.07970901049513371,0.2991810731982466,0.005898706928169369
0.4896883175747941,0.7407484828757486,0.08123797428301076
0.9731277223826976,0.518152169772618,0.10990194827281848
0.923867690224,0.35954581287966014,0.0751812177812245
0.23209549153824097,0.8626626436057782,0.04690506551379791
0.9951164969526153,0.07894863278371576,0.019148678870235435
0.858829134328302,0.10452849678996756,0.021769328584691116
0.944212873830516,0.49596082833545047,0.10248795303146405
0.262410741037499,0.7597573614101706,0.04671984332251681
0.7478313498812172,0.13789570023173736,0.024901244763410112
0.9409011187964881,0.6039043598006514,0.12138729719906972
0.2810516402592517,0.4080524610917573,0.027565204301936454
0.4672708337831209,0.4901200018727433,0.0532257865762717
0.07266653579951597,0.5646938411294634,0.010091759411470726
0.6816555826788326,0.6945602476635814,0.10304832623167379
0.5084119774504119,0.39910853941076413,0.04751838231287477
0.47675850907594636,0.5300577930516824,0.05833264647736347
0.4195892893773152,0.4253923827127116,0.042089273354619226
0.8985174390084919,0.6136980154495968,0.11805914220388429
0.415106324844735,0.8883280349684183,0.08241606045818901
0.5002944073896664,0.5455051931162752,0.06264327481490235
0.5763973794907915,0.9592767033584992,0.11799184281860266
0.8642378375385861,0.13500759743500113,0.028063092126944605
0.808849225272553,0.07358105786436786,0.014573626755728509
0.7470666983424632,0.7355639352100827,0.1173978462678918
0.6940365283262151,0.6701868201014348,0.10150186510590481
0.9519519812439358,0.3989347623075307,0.08499843205233615
0.0692113853862161,0.5246784657023884,0.00894460912054852
0.9072625307421357,0.3954319565319769,0.08059963744949764
0.6874633591638364,0.40644725351154715,0.0640609514151978
0.766059897431772,0.2180467557415973,0.0395587453258855
0.5061281704773677,0.8328090634501139,0.09294027613630203
0.7045726471504257,0.8486101948309775,0.12629451962300756
0.707918357789925,0.6993383361726823,0.10720673132930866
0.22280291527223725,0.2446749573262514,0.013353621965755133
0.9401328516080726,0.12927212902986626,0.02919453892781136
0.38048080701358516,0.7080137263281758,0.06187702749170429
0.7952444001487848,0.19265385969276957,0.03643661067201208
0.9805620165857705,0.28260738742146646,0.0638872048672706
0.08454364220556573,0.7060196502839997,0.014593889060811311
0.7643965614864909,0.06518959778944866,0.012237823876804187
0.2704207102650869,0.3094908579259986,0.020315191881357393
0.8287296090496171,0.3030324268193135,0.058057106817673856
0.9547657961770574,0.27842561210077327,0.06130555847079703
0.9172123102448779,0.25486958765412465,0.05433307607664599
0.37950341024282885,0.4450763058826466,0.039948616467293606
0.44159261522034715,0.5045482589579534,0.051859840083184436
0.8987658244680379,0.5534973520744925,0.1078468183076377
0.005024535356959804,0.9955002834343923,0.001244625235365292
0.817946655723682,0.7926619192137531,0.1354256212934573
0.8342159498661186,0.6221792294411628,0.11185757805052267
0.44736998130873956,0.9889601476818849,0.09701134670047258
0.6513260395093837,0.2413521450846822,0.03733817713750333
0.9841702869127625,0.25714524855112986,0.05874856996398313
0.7017084716776291,0.18473155683441483,0.031047708558966512
0.939694603585337,0.19386454890431074,0.042989388485464686
0.8546054983798173,0.813827670155021,0.14379322383330548
0.5830444039642698,0.4229841881442263,0.05705402089678965
0.7359028057428532,0.25592050515822606,0.044321733460652026
0.4813628947714879,0.5909028517654117,0.06507308917615615
0.1576580406956098,0.6042722960584557,0.023032656662521068
0.5636027802651009,0.6468580270601879,0.08160191520790858
0.43390012279474977,0.9159907410122478,0.08815538656480541
0.2597429689479323,0.7172086018204331,0.043822658555972706
0.9414753243232633,0.4088712476670064,0.08599084417832739
0.5825083802664164,0.990308312261186,0.12235392678437106
0.6891159188381594,0.3301136339297304,0.052929652828943324
0.5682292418506079,0.6960123078005258,0.08781037884532902
0.5094161317061999,0.7635020903356101,0.08647937932732892
0.32980755082214036,0.2071460419601719,0.016664847807573567
0.44376880287065124,0.45043169202192695,0.04685047428301369
0.1840713973352174,0.1982347061283358,0.008990209197034313
0.27382932085637696,0.36899312372979093,0.02438949085839357
0.6384459073159473,0.5113900218032627,0.0738915015834931
0.668194065581197,0.6628429525167991,0.0971518134557947
0.092369792072389,0.2753088157611292,0.006286109250224484
0.5423986318132725,0.13796807286695537,0.018227981381648314
0.9051824125012349,0.788039594503992,0.14713861669316264
0.09661856383497237,0.6703605841024839,0.015811224432411217
0.21535174389450948,0.5123823134831602,0.026553212321228387
0.9183336060603902,0.816736435969658,0.1536420180905265
0.7247813379567608,0.5490752688700262,0.088379267472234
0.9177950395167437,0.07920589744998753,0.017727691346230343
0.7963695175047217,0.10364577388513885,0.0200644296513192
0.43066729546007626,0.4529085906289296,0.04577554846863838
0.9524282352198378,0.7429260272694482,0.14677749606216356
0.6948774082910065,0.1160034964722066,0.019603900349443166
0.1493681881763951,0.1786009050937399,0.006592203249706603
0.8488769248685285,0.7722414796550592,0.1367928575172852
0.3737694601432221,0.32460064012272893,0.029110034529351573
0.8338863854205892,0.8060312141477479,0.1396471957352705
0.9509085472710376,0.11486181603755452,0.026336884148431005
0.7441709607340392,0.22340718948708063,0.039386671503671
0.9195497815505218,0.012013671768896896,0.002748453463723291
0.5388006092446049,0.817249973480175,0.0966172477547291
0.3156047588034607,0.8534153282550749,0.06185684679739548
0.5761735613149034,0.968442276510028,0.11888665693690359
0.4913730170960299,0.7187299596698168,0.07929276568425088
0.5504194948096224,0.33842701521959556,0.04384427657301728
0.5746918941476381,0.37724530087469516,0.0505750695788017
0.2872168053785041,0.2278546774288368,0.015977681251895477
0.9515946262191531,0.3361256924503325,0.07271318665920433
0.9318302317810544,0.5117568701330963,0.104064873932186
0.10553353617711807,0.6188055532516051,0.015936644528328544
0.985486050342857,0.11118735468105259,0.026437321310452098
0.4597070192176942,0.041316464991206336,0.004708578623456713
0.08679927198128082,0.9535037213829937,0.0200843310159143
0.7041310003310535,0.05699870570599619,0.009886989095423172
0.4868250286996757,0.8762336292039843,0.09392076778791596
0.397875871682701,0.8376663346296803,0.07520229256101486
0.28377008220787214,0.2746881696104503,0.01895617055979409
0.6043882384831096,0.9437571408814376,0.12116534500183875
0.8117695494452312,0.9075715758006841,0.15079663977994034
0.017994971437550307,0.34826373012090495,0.0015590939151436825
0.29199655667918095,0.6834563946043982,0.04676459619214472
0.21190319802744176,0.45276184311901496,0.023195920315461863
0.8071758573427414,0.5086223651652924,0.09089648683354352
0.42622812452040265,0.5632272591223364,0.055611940266764345
0.6078626505440584,0.7722504909311193,0.10227406268745057
0.09088389125680538,0.5186850421208601,0.0115700439421776
0.32713707973755163,0.7871486790078227,0.05935398796323731
0.9835966053522933,0.1692918940966765,0.03953455700155037
0.5568846460458918,0.7535131086748065,0.09257627638462028
0.9461243471444952,0.5381433132192781,0.11034015357933896
0.32490927997664654,0.32973171649909216,0.02581285800850172
0.9212183240221818,0.7884287034284043,0.14956654942660413
0.5813999605065299,0.30319482929164504,0.041624092925885876
0.5974590138956409,0.45349788948065145,0.062257029600651846
0.9655868289997666,0.13404169724716472,0.031023713978761094
0.6121922769978692,0.4031129864471294,0.057081922394173756
0.8433846946450051,0.20345524067614962,0.04060624313301629
0.09296422929344339,0.26231334044184956,0.00603043800604352
0.36157922361899464,0.31707756025806766,0.027570116903274162
0.6873102792707169,0.542556228317219,0.08334098592325026
0.481578070030557,0.6012233760065967,0.06615429417984287
0.3265042765203318,0.9130271899723723,0.06792357214580266
0.8216341428928368,0.40845736148814016,0.07581821841115378
0.957272305181433,0.5509159648967357,0.11398038725592122
0.965707698492862,0.4104853003766573,0.08847657634382158
0.9208715243888482,0.15238988111493432,0.033518473333119025
0.9900208476531186,0.040542049500209454,0.009889071942720236
0.769045002661164,0.2331827906728085,0.04232734585588659
0.7957336547830459,0.7586714645683619,0.12740663176137093
0.6455875535309363,0.6039750393802741,0.08673885502315735
0.6976743152743031,0.13074783281680766,0.02211316261798165
0.5642117258996515,0.3598446831507598,0.04755496166189013
0.332761542466657,0.8708048524974218,0.06617546823430084
0.3758706808609995,0.978133116954041,0.08220452225452285
0.8189681364825601,0.7071811457175149,0.12296744677502468
0.36982456044393813,0.16087298098539035,0.01455606646772972
0.3851738171787602,0.8785227420835923,0.07624621393481633
0.9499301759015903,0.16189543860579744,0.036591389777175735
0.8392286668893542,0.1636792861972482,0.032832405399404865
0.8477496925095777,0.7490629423830294,0.13311210005124036
0.6527898214095167,0.946081871171637,0.12976705461840699
0.7299673780517296,0.544182012734275,0.08821402510270909
0.9769993900057048,0.31084697644753156,0.06948638582468655
0.999272524832236,0.0026687182800193554,0.0006649577126307917
0.2509865173830841,0.4213822405569137,0.02548934037625181
0.6361534722908015,0.5718626518523574,0.0814735106761762
0.6832503919183985,0.645126883963995,0.09674770691209152
0.180910846401725,0.919738653068863,0.039364740567621945
0.73485431438735,0.814930354536724,0.12646784619757898
0.9263024011036585,0.18479115366747006,0.04050996630689287
0.888710866220082,0.13670694554728743,0.02917703180283006
0.6531979941413334,0.46243972120935933,0.0688072800954726
0.5213372847660093,0.938315528120618,0.10599693848401624
0.7563916623323582,0.6010774434970539,0.09946710457917593
0.1873700217362741,0.41880033856609966,0.019075963802142985
0.986199972072812,0.15681870524804653,0.03685014206372756
0.9197217671712092,0.5580978644542186,0.11098077409807156
0.3000956471580482,0.6615176438070139,0.046530248252845026
0.9117240618365307,0.5902780215959859,0.11562762050145427
0.0652823347881333,0.9838304840539329,0.01567850841728341
0.7155465996882621,0.7050858407898398,0.10903086095253973
0.7953016573107271,0.21003376555502998,0.03956831623018372
0.8101022144325826,0.42439135798907696,0.07748736556586303
0.273985009308832,0.10374287484520117,0.007022705474087442
0.15220044052454934,0.28485709883907756,0.010656656795919879
0.4000393015072553,0.3022269385412626,0.029012799098958753
0.9994699959683495,0.019319110428153263,0.0047896253590873645
0.3233985226210407,0.8424692227762007,0.0625188113676859
0.43754865010568555,0.5342959916653044,0.05425015300895033
0.9503883350521606,0.2700495074131394,0.059317908572928034
0.24008063462967966,0.9505465149188868,0.053012908555165425
0.3691537031702118,0.42194509383900175,0.03698631919935626
0.9407467212011206,0.2608733295533689,0.05688570984258982
0.21585495403854776,0.5599244573738902,0.028993593673395195
0.302453839627925,0.9424257275398952,0.06516297577104019
0.14620901368591627,0.8846272890664834,0.030946052390262338
0.6900683708173216,0.45007024498170345,0.07058501807851471
0.9731250887487116,0.2065529219182682,0.047230871128752495
0.9172743118342903,0.5144959845408812,0.10302986575423749
0.5044908076214688,0.9620187104932026,0.10527336718087153
0.7449513855877045,0.6166875455130612,0.100400295839162
0.6413856484780823,0.9769404994876413,0.13132954504257938
0.5949236127159148,0.7890523598368528,0.1022824896835196
0.9808575264723559,0.019879363914613202,0.0048362863879485695
0.024234071668880874,0.15253372347401886,0.0009203822939809887
0.7321892069260303,0.9014225540534462,0.13739275891553104
0.9922623149015897,0.10101534506725783,0.024270739809448647
0.9338684899828305,0.20276463894173394,0.04458171330953663
0.6542919629230753,0.9427509786006383,0.1296460969953066
0.8050714514908754,0.16902757697213527,0.032537554839426344
0.704864645416069,0.4084590140268292,0.06584827104433082
0.9408631822715071,0.8413711617876367,0.16096039525515637
0.7848985817177409,0.05654397175707049,0.01091875101202312
0.7207724793333973,0.9467556548211854,0.14134547786800744
0.7979984082339617,0.00827551980767427,0.0016450044550150522
0.15237118596478275,0.2711328269133663,0.010161518450106162
0.4351360005048174,0.6469499687949831,0.06444118920272408
0.8337062555590358,0.3760728093181848,0.07126396673683721
0.39606540256821177,0.6790429020654105,0.06178349384498089
0.5620734304857267,0.02062554042206322,0.002881554551398726
0.08806454791711701,0.567840842162321,0.012262859344314212
0.9542322901251599,0.7795104788250985,0.1531846536279051
0.8837992466888024,0.603207184321962,0.11455291350100222
0.657229336326065,0.5724158915921469,0.08397037877131547
0.9571341187757022,0.5240127801268154,0.10903015811779551
0.9881725319084699,0.2095354911254434,0.04869797134904885
0.5804774869479595,0.43125503952259153,0.057845167587305485
0.7970676368023819,0.11112654414817762,0.02148860402914826
0.7481595614366496,0.42628158829944096,0.07233362575279333
0.8382476323398295,0.706418681528188,0.12534126267797474
0.5332964955484335,0.1093889928843157,0.014281313508668422
0.5249211900974282,0.5061110784929588,0.06111540481087637
0.2110716013508136,0.8036193833707029,0.04009323079772503
0.6352749783365642,0.10315033120634877,0.016007476539438244
0.02235435455190965,0.24313212349583413,0.0013521218428006816
0.9919594101976644,0.1098115479585168,0.026309295018541744
0.23973302458151616,0.3464388218366656,0.02016106658574351
0.9583694205623717,0.3507141302076417,0.07612161656521729
0.38076567393983096,0.41332092337840354,0.03734956091530374
0.17139301202391694,0.8230452964062097,0.03362394071845699
0.9875357674981813,0.022665977370189605,0.005546103857171252
0.9309547371104063,0.13901472429919487,0.031011013846113274
0.8886079941123574,0.9860838883777733,0.17443554873032693
0.7155600962751053,0.9937477758241974,0.14630061696118088
0.9004293311865337,0.8214235408405995,0.15167864938564604
0.9150117362774713,0.8432822043558907,0.15722121154100296
0.9214664754260655,0.4013177413521154,0.08287022259272152
0.017838781701877828,0.6671306623451159,0.002954805279329511
0.983292055508741,0.1549001859509746,0.03629712803679846
0.9952768510107828,0.02349008974005995,0.005790938564882373
0.230455927318463,0.24590719142004902,0.013872101048839895
0.4904862188971724,0.39724871963084596,0.04574215807530247
0.17528523855513986,0.42258888541029005,0.018029483600503816
0.34850466701621396,0.9309936936484585,0.07339651459293729
0.35191634812503925,0.6664321670456469,0.054393044068983744
0.07435033283019954,0.5664905442308023,0.010356076351531152
0.5795944957359351,0.2765346161238222,0.038025727243806456
0.9579446252218483,0.026503535653564114,0.006286583009250744
0.6971003649155639,0.49468897320208693,0.07766037401450375
0.972056849409528,0.4879561474538505,0.10407981631078864
0.5587517414357063,0.1815088871655286,0.02449319911227666
0.7114917383905627,0.37478354659104024,0.06134798543434496
0.41218659868602453,0.33534184912168014,0.032995167896474976
0.3780255771704715,0.32212041531864616,0.029216779197271076
0.5145744039473029,0.5064494411049029,0.06002597635853645
0.828630363699922,0.07792888496890003,0.01578587617386651
0.45374073474388943,0.7798774734043404,0.07941300510580039
0.9770672312162332,0.38252290811776446,0.08406808759616256
0.9460117484733565,0.18934000558562827,0.042297511807863286
0.9970831580144518,0.0567101238983192,0.013872644716930968
0.8505896389341949,0.32495677265585654,0.06345734913843648
0.8869833565018137,0.27836551859794684,0.0571731577999007
0.20429592500509305,0.3122046098145251,0.015578721713221437
0.9954587023260241,0.0020165869773706158,0.0005008498556348495
0.9739030138757114,0.031273340713844355,0.007527431014748064
0.9810498406966981,0.22776183375417336,0.0522343841658977
0.2362563514492519,0.8699960358160745,0.04807100665654636
0.3515316219480116,0.9182340841328619,0.07304642565018352
0.6610642489349161,0.31359612122321817,0.048503176474732006
0.7444259606931316,0.736208582684992,0.11716931417625781
0.28623933348815317,0.9073890330483317,0.059799367441953716
0.0875785786758144,0.8886019451763882,0.018915344898864057
0.9258348981714941,0.9483208818699418,0.17519133385727792
0.9789720960661209,0.025403921371643712,0.006158367923373335
0.6816223642830703,0.7380385851991209,0.10872007660250525
0.6434336359756951,0.6726000765684877,0.09518144611248937
0.5685804441748946,0.6251876404890219,0.07976258822820947
0.1710660716430497,0.6376241879130655,0.026261931483025705
0.7346688880698091,0.8429948459505936,0.1301429298045416
0.05567182698262296,0.3020920366180294,0.004169670728838023
0.0559089184524363,0.6088661044496463,0.008391371940715363
0.8166684108112038,0.2922756613688998,0.05537930681835063
0.6680774190661325,0.6239372372696741,0.09205313720697404
0.4746301523977046,0.29922759715969116,0.03387921255959361
0.7406784109262865,0.539945609476942,0.08876900886964242
0.8281773693950919,0.5827000659736606,0.10494290748184223
0.787465736153397,0.6561332460538944,0.11134426989671493
0.18735730919525048,0.7471235650317956,0.03338572898095166
0.437431658532564,0.8502387156255935,0.08305874397100675
0.9648496306252382,0.248260028619482,0.05565988603908832
0.5760138505919665,0.7139643954380468,0.0909251567571593
0.8460235051866628,0.7100737614338223,0.12694832987161014
0.38656497767286147,0.8687164763985304,0.07574017855344445
0.8349136311343733,0.23379735399923604,0.045864215643572334
0.3787009790672314,0.9260474455537887,0.07874980791116568
0.7963230503649333,0.11394238821447374,0.021996236943799267
0.740309267721285,0.43259718039510664,0.072592520516939
0.65536263168521,0.9341463207493012,0.12884406039359975
0.535790090471374,0.2501730062476147,0.032051448171014255
0.5166534167988736,0.6441107767821224,0.07511705162047351
0.09623661271619935,0.9023183190117497,0.021046332253815334
0.7674670178700415,0.3910296304683652,0.06842081236585158
0.8587684954588879,0.47901974135907194,0.09109328270251257
0.8599675516376853,0.767273713701059,0.13756386946308022
0.42392240922677327,0.6110468641218638,0.05967410307022548
0.1351262740595156,0.7437336980942739,0.024252973460580966
0.546261481464011,0.5068844864676445,0.06348828630562937
0.5925819268703373,0.8829757267958206,0.1124090974259733
0.9012200335944578,0.7917771935455912,0.14715548747666593
0.7846508776255365,0.5297229041586116,0.09188038543494853
0.35036808808059217,0.1380390623083687,0.011873464834864662
0.6660045584842973,0.7316626417057107,0.1057054980788691
0.7803843675614797,0.22959056463125357,0.0422844778031438
0.9265529847274189,0.33389713519302067,0.07043875482200534
0.4310905732074017,0.14288465234273806,0.015060476143654914
0.7373171870711588,0.25370906595822634,0.04404312447741289
0.6234366032443501,0.4692539074073408,0.06680273745223235
0.9608125649184378,0.26313706264700354,0.058532273866804076
0.6100217428865703,0.7863135837363124,0.10422906559782866
0.5868578406164292,0.7059277240240579,0.09152826352562493
0.8278651149477098,0.9621093285144029,0.16100371371165084
0.7624766749923986,0.7216828155012924,0.11757299188896171
0.9868114452348634,0.011431790806055166,0.0028057086846970695
0.7891597043029812,0.9275036108488357,0.14997376302031204
0.5660335841053176,0.8225291560335838,0.10150431956979136
0.5106205237299033,0.6817147437191436,0.07826648952311242
0.010908889723293772,0.7338270112520784,0.0019901027386358535
0.9643531640408268,0.06819782745709435,0.01607283168546007
0.9737817831789415,0.015461693608692763,0.00374023057619565
0.8651945006808058,0.3444788494230872,0.06801431486572147
0.7216442513925089,0.17027339074395792,0.029487621857661822
0.9964877320489874,0.04904776563115498,0.01201634854186122
0.9103879002424391,0.23502623932446923,0.05000514437356421
0.7117151063510299,0.31255899474578097,0.05183664435991724
0.2551116955274036,0.7171667189314881,0.04308195322767574
0.016248345436099463,0.16822204457615245,0.0006807886989406185
0.9937725020156841,0.020490361383498912,0.005049078345940878
0.772214136839245,0.08399530626623618,0.015853584020752706
0.8050715469560649,0.2570137317306926,0.04844140362065854
0.9298837584154482,0.49997633860063034,0.10173659827774582
0.4870234353602498,0.2882872627243711,0.033502970540141966
0.4277882976066269,0.7579544530815242,0.07336603345791454
0.6372980800248865,0.3638595014167292,0.05387834877027771
0.501958704897241,0.8217910264598518,0.09116152275484543
0.24589814765513043,0.5568915472117303,0.03269067506110943
0.9146169924945228,0.2668950521709136,0.05657900241955587
0.805481185016557,0.7400234789561561,0.1260888810013527
0.4973696039561674,0.6627195466145331,0.07446484385088561
0.7508355529253479,0.24205589164409233,0.042857764861852644
0.9599911723725618,0.04957157501651144,0.011694099847328644
0.9831791302981043,0.11291842094080318,0.026772060724056343
0.4816572978299459,0.34278811417961996,0.03911017953787946
0.9885314306518785,0.015436335029296424,0.003790362870418796
0.4013354823883671,0.7726223186926499,0.07042481858966908
0.7610039845316602,0.8036419563355163,0.12879708270956255
0.9815352943473735,0.02059809225038467,0.005013721194936717
0.3110991529219104,0.5261748363555228,0.0387668004528353
0.6903322462670831,0.43197593039429444,0.06800772124871221
0.28181059203119757,0.8081417718470043,0.05292670599937365
0.7274874509020604,0.376842664114508,0.062943458639112
0.8932234136105606,0.31380285723322066,0.06429906317624103
0.6967444247251449,0.6620718577200123,0.10076475117680288
0.2090520765140463,0.9105039377274456,0.04471832795929875
0.17828068715213918,0.20952287701295796,0.00920008668869184
0.6447709072324799,0.5448733365187299,0.07895918766959303
0.20386018611615755,0.9241054190682532,0.044274430922844644
0.8217585583264202,0.2798053357617506,0.05348162374391002
0.1935197591774047,0.15960717386464157,0.007622386109158624
0.3715728062489344,0.4986724058711784,0.04360666533939367
0.787570688162474,0.8082297555522362,0.1332888157622296
0.7147289141510915,0.8732534734100205,0.13102175918135278
0.24406025713653504,0.1408272394265952,0.008472987386230897
0.49041598747985155,0.47351901346724834,0.05392573878020153
0.48952263780653554,0.34584742608544794,0.04005386563205552
0.6929236069132532,0.51266938482701,0.07976305526444798
0.9715939986184702,0.16086518410956172,0.03718205345877698
0.7041164847220938,0.1719978555935851,0.029077735417099865
0.9740462181141095,0.3328436727600419,0.0737687499286587
0.936503642403274,0.1971927359449456,0.04354802931796621
0.6688795467824569,0.6720592565267871,0.09845597460403033
0.6762171615854864,0.9927416277365927,0.13933286010346024
0.30624492988971314,0.20948547400649528,0.01566925162349396
0.6367028551235984,0.8538597985125335,0.11630362924978269
0.9521572462397485,0.6989107852273501,0.1392656012638995
0.7524278359797255,0.22167502757678514,0.03950773741789348
0.3928546864111976,0.18477173225526128,0.017685138405460578
0.9148711426024279,0.954157032180513,0.17418372102544555
0.8410106114778559,0.3404375276040052,0.06556368587844645
0.8827865711038451,0.3707980242325812,0.07412605110144402
0.4356111914238718,0.9267649888486018,0.08939654536972534
0.8735983956548221,0.6438651200806647,0.12002074429810033
0.7049795277436123,0.8227616132708296,0.12304868399216667
0.18140292325972576,0.4434141988273312,0.019539649149476764
0.9832746046433786,0.22723872178477683,0.052248692846903005
0.825310663412793,0.5545847870158348,0.10013963911737125
0.9795329382905232,0.06381725610417532,0.015293422765425137
0.1434228916505415,0.8276311719925821,0.028487303897981826
0.5422349124791966,0.6316643991220647,0.07713308323436416
0.9912778925724954,0.00282703218662006,0.000699117560330758
0.9437037252644137,0.5414661617187942,0.11066621596127299
0.67246432452567,0.10685127402373995,0.01751999959821036
0.4431946114743591,0.25795495876099034,0.027492173506384034
0.5443684370502772,0.41689604063310265,0.052788203637524206
0.38206769694747317,0.45361612185327643,0.04093548170627479
0.7897466796080393,0.46814659094390076,0.08273929989235901
0.1168719498890108,0.9275167008723263,0.026098340685715427
0.9575976955016318,0.25877108942215044,0.0574348488058538
0.9599035193314106,0.18789021078453788,0.042602962227368764
0.8237424549678422,0.41522193064071156,0.07710527102253871
0.8175320624319932,0.34914780471761947,0.06536712094408602
0.6856324129459813,0.06385375314369202,0.010771133681957524
0.21033966294040154,0.4546661659115581,0.023119726796228403
0.844873104059845,0.3014532795996775,0.05882650880429324
0.9174400210472021,0.38907675329060176,0.08025155491480844
0.30505383721509727,0.5402978193333678,0.03901077065024644
0.27649575037887303,0.6835896920722179,0.04442178311442828
0.7738136129740886,0.6247523771782292,0.10500465275024894
0.5214395965749804,0.7427044538885718,0.08619390166179934
0.9087898251752367,0.1875638280085199,0.040342416466970274
0.6243720239507583,0.4825255739009053,0.06863777193286533
0.8080082635718179,0.9487262814172491,0.15592887064953526
0.3320586395864448,0.961192681900739,0.07230905790402059
0.5209371884878367,0.5499498471596864,0.06551080975238596
0.2129922748290435,0.6450390852053063,0.03279186984678746
0.9068123574810495,0.07103340398235758,0.015749147476426105
0.899117962621729,0.2513002116555291,0.05264230289429885
0.40814582650003967,0.5538208832195546,0.05256986856300034
0.48865567271769156,0.49309508889625747,0.05580843118139709
0.4174610608071309,0.9280755115196571,0.08618543877405642
0.9443894387745397,0.43652097570616094,0.0914693364638933
0.46195369907721867,0.40969260241546834,0.04450438523491112
0.08979338622431846,0.6132452258279074,0.01348062024274479
0.3696877181369673,0.7136130654072558,0.06069654304533183
0.7763397928536393,0.6201178465663857,0.10463554624410787
0.8696651262717486,0.4329620697161363,0.08414443318384848
0.7036956300381763,0.44189808744521714,0.07067718435120832
0.394396536321094,0.645995113440881,0.058777527518038115
0.8805634610919918,0.9178637888673252,0.16319173365873685
0.9871009298555607,0.03059563181997127,0.007464109637399253
0.026762197990333518,0.5934858497511737,0.003938456360805649
0.940430950087512,0.8776222913583389,0.16676291074838479
0.9727150184264507,0.06348308491245691,0.015111346610730877
0.5574754222275953,0.8502380653214595,0.10315015635839402
0.22678830800967376,0.9833112696494408,0.05187484946649825
0.7953673299770224,0.3507263572722451,0.06397346597453954
0.7228013284384502,0.19889436673765284,0.034281170521284154
0.8165392821543747,0.28614681855341023,0.05428484425100679
0.3152185258057873,0.7164136248856784,0.05251567731150602
0.624566119786209,0.8270079678048513,0.11120938957597624
0.9921458927083086,0.021159968460002454,0.005204107851563706
0.9309046677443167,0.21521891660028383,0.04703364236106381
0.5501561512938561,0.30786542461139454,0.0400679423133671
0.9426480415518486,0.11862700350380662,0.02693934260179621
0.9441586698702941,0.43921385470995494,0.09194680619284423
0.601172935194948,0.6326639641470945,0.08479125093221336
0.9194064844610158,0.43280579347962944,0.08851065351990808
0.8153197646462775,0.8317959738126574,0.1407086525535025
0.3115287916868931,0.6378462590815903,0.04656828351560642
0.6306439939762456,0.9553145792212376,0.12700938574911122
0.04639309674661563,0.8919016691830425,0.010175457223640012
0.06508475289067979,0.27863302551894353,0.004493359913373534
0.9345476280975794,0.2785342977793757,0.060086903145499304
0.7496226183238685,0.42199957484726275,0.07179355080437298
0.9854052549664983,0.004077724985988684,0.0010020364477912613
0.890546810030328,0.3089237677451262,0.06319855389543962
0.2599227033951977,0.9517540164636143,0.05715725146737192
0.44203376997378463,0.8382047782684795,0.08277846699033357
0.5836543537394113,0.5351282570976041,0.07090115103510679
0.9286575338599439,0.32933638395438253,0.06971276330362312
0.8663756999366025,0.8180833002357809,0.14620506269370925
0.7660964165570636,0.8167421386329413,0.13133912514442006
0.3026055180581481,0.07272101686450151,0.005448440709772288
0.04945221569922771,0.9625776575928219,0.011680587367647483
0.5700334326857243,0.3437079444285521,0.04598462392520037
0.9662245023550663,0.1774960727246615,0.04061497661973298
0.9481239456560077,0.519751464912526,0.10723748829627887
0.6223106462096002,0.6221285101363628,0.08617862988054688
0.9950501268522073,0.016789595586617412,0.004147261678000534
0.05956639995987848,0.7881063937984786,0.011523468552298794
0.6002800228102717,0.6175953818296679,0.08288195924851828
0.49773321993380093,0.9827933264471251,0.10595954109485697
0.2811737964682555,0.8611118791447846,0.05603329751896975
0.1814213151605868,0.6314291963322806,0.027529620396047866
0.0972502967413705,0.1864920969511763,0.004493839136530364
0.4152885793152885,0.8418942613263201,0.07854627003589952
0.5732004734687839,0.4212531663398326,0.0559396306415765
0.4451197790433809,0.028406514900620513,0.003141546091275851
0.23499667565117385,0.9522404087303549,0.0520562728178568
0.6338543281343268,0.5065685165811586,0.07274112422055853
0.45586398655931865,0.34200577130186505,0.03701092233681068
0.06656874659185877,0.962418028175356,0.015638489974836266
0.8018792306266549,0.5197848442349879,0.09212322743598139
0.9444330225940724,0.20236117934984496,0.04497847730131821
0.8089849793581633,0.25730419990436293,0.048721764890087144
0.7340101109114434,0.5503942606016509,0.08955354520693838
0.18420852835808968,0.8482275465333355,0.03707675317084569
0.767727895040396,0.3371506764773022,0.05970544249721663
0.181476429523618,0.9044097241658194,0.03885764601349422
0.8301919642660989,0.4034370552512759,0.07565791493717296
0.7004007487515709,0.18181609656806932,0.030517268113285808
0.13136784542882873,0.8603879123445121,0.027175902974722194
0.3285918624990835,0.9070701468753625,0.06789899059554437
0.9629644427081648,0.30174797543567555,0.06660186221183056
0.8948281164698799,0.3551981042389819,0.07218722758186115
0.012591867644051454,0.7535523761658924,0.0023581988791387437
0.464820212461122,0.2683421132753879,0.02990144726478014
0.32837730894190603,0.7894224036811953,0.05969924350820749
0.9512070004509972,0.45083989434581984,0.09482459768023531
0.45246943529858974,0.6681258535871232,0.06881765574983635
0.8202547461062901,0.6046506922174906,0.10745539536313294
0.7546388493539146,0.573127379782352,0.09517625895360791
0.7593701017518041,0.6556350589189501,0.10779914514488843
0.7460147124312955,0.23890386684572712,0.04206329585439049
0.9757353246766522,0.465021372707415,0.10011689932787281
0.9967077063737758,0.07780249843048824,0.01892070830967027
0.9157733159618539,0.8390888117907013,0.15669444161743862
0.918641603887719,0.01983619014128113,0.004522694624638531
0.9887773972675193,0.022403904857409843,0.005488663176312919
0.3615872673376658,0.640176808589762,0.05374737441663473
0.74266532541985,0.27048885645449733,0.04710505039971326
0.30224120929422066,0.3018739669819622,0.022091201686247664
0.9311973807903389,0.07334206755163764,0.016675452723637928
0.9239514136751926,0.05258557112249318,0.011939471928666887
0.08293905275103577,0.8074751283544688,0.016332715599402782
0.1131593312748509,0.8133053357896828,0.022269226530256016
1.0006029190636432,0.004971612459417907,0.0012395241183226033
0.8548096133234734,0.3300553440974975,0.06466466025251637
0.8932668229874299,0.08908685661096251,0.019359030478665735
0.4678084945464668,0.6074645263526672,0.06501150212414274
0.8233814192813534,0.05014129507308296,0.010166990769829614
0.16138787977792532,0.47732795270722883,0.018735931574349985
0.8326988276949638,0.3295638093050686,0.06303937356222566
0.7817486609522342,0.21648568178688476,0.04006041387617301
0.9510416120372959,0.7970167327366442,0.15550418911313113
0.9102748170203536,0.42089888973959927,0.0855366937631239
0.9748552045201375,0.10318310853110893,0.024322749747991063
0.12219769890589563,0.3690706185502268,0.01107896534290632
0.5498511087233745,0.9148444266975114,0.10864402005430293
0.9546811867974246,0.4181252034794181,0.08890477102271005
0.6404394037576869,0.5556058379575538,0.07986477158527824
0.08756460400077412,0.6937956439472474,0.014844098019052393
0.9020719928895181,0.04724166153557885,0.010492099339490996
0.8221145408156674,0.9599740866892964,0.15969318828123408
0.13514630453188134,0.5589773082717091,0.018374548725029263
0.9675533969793348,0.504952715167989,0.10672906000222923
0.6513763211660041,0.784277096777778,0.1101698437989516
0.19538074483730353,0.6872688124514961,0.032072023859990716
0.05544948711751127,0.5653423303002892,0.007734041085874147
0.9304963429688619,0.7324846740780379,0.14180999725065407
0.758434031836804,0.8610882804114026,0.13622657617946954
0.286946495483968,0.3378243931620076,0.023430530526866916
0.8957797645839134,0.4292892445894152,0.08580434514893025
0.8759294217530761,0.5941813411703051,0.11219382892667473
0.33781714568430926,0.975677933932363,0.07443109872880976
0.5046747031659393,0.9278691740482684,0.10198860377724474
0.9586622257180436,0.05848247626200964,0.01374490493319113
0.38295366806805714,0.7650218200353309,0.06686121661056467
0.9020662055502633,0.1575451012991187,0.03392646539216163
0.3910343581855121,0.7121600700271655,0.06381309104437646
0.6043549000386202,0.4099256071864978,0.05730556288970027
0.5606893351094534,0.9429537746552827,0.11350389403849183
0.9681456531045751,0.03094913630412066,0.007407622689693021
0.5901302721365439,0.8029399687936357,0.1031268625992536
0.6623231921629313,0.60204862526199,0.08846655559668781
0.9924883242951048,0.041126231596934404,0.0100534356919978
0.2120534727940132,0.33239941197129846,0.017177945335482087
0.8640715577798951,0.3782726447389111,0.07402269452900057
0.9532315804185932,0.17604532780888033,0.03977070006017255
0.19028433487344834,0.7668265518946733,0.034736367032505426
0.00032331269728241694,0.9168382333656578,7.388062087721759e-05
0.42274616596164016,0.3538217142449822,0.03558261992002651
0.4063041237361623,0.7857072386313312,0.0723122790726982
0.012974352984958913,0.14671926792360157,0.0004741553225545048
0.29313184552656485,0.541728557015512,0.03766463157150468
0.9650027895011688,0.5968611609315305,0.12324235157659719
0.7899197838932241,0.7899008474120255,0.13104209182164553
0.318514236523927,0.27863227515997396,0.02151099560469676
0.39766673661631796,0.41363351134707455,0.03895664832987354
0.13012940409676857,0.3151466206367846,0.010087939291475051
0.9746281867915384,0.025721182293038325,0.006205487310196535
0.3693938623376817,0.9443701834524335,0.0783903105375743
0.3587385668576021,0.4961725575650154,0.0419760312032099
0.9585464622807918,0.37480028803290794,0.08085852366623672
0.6025812221120316,0.8565816349272412,0.11116894924403499
0.364175684642347,0.6292831855177052,0.05324537792914136
0.08115120981894385,0.48360591858982355,0.00965877983367292
0.14881403874427554,0.908239882498652,0.03227091981063408
0.027348843901081776,0.3635707390327586,0.0024704507628206143
0.9058511128216351,0.9022150797159882,0.1648933259104557
0.6646104547366278,0.4771535238392063,0.07194256341042621
0.9682815251608294,0.4304962777294132,0.09260351277527454
0.09537895602076665,0.7889467175443293,0.01830437332625627
0.5810767203510306,0.984152999931121,0.12146634610866525
0.6010896320643859,0.36972579265242883,0.051761295367822105
0.7679345315745216,0.968932869316235,0.15201937043425928
0.17624079809391788,0.9290263877654196,0.038766445976551024
0.9651856896998557,0.1776925857619811,0.04060910344487248
0.6373985929336635,0.6088516168445476,0.08636146030904426
0.18460743075789535,0.391228190495662,0.01758903500714243
0.35971684574799845,0.5167401826213637,0.04374031159875191
0.8815812808446257,0.43062802041417775,0.08478549856012842
0.6785809800106792,0.586798571438141,0.08838529754800888
0.11746406356453648,0.7378377872921603,0.021010957161344077
0.4224142110900767,0.9562672548360988,0.08943618266197696
0.7463654783880507,0.2842011637487914,0.04957899382114722
0.21621468343918826,0.6485472070798252,0.03344040335318775
0.7687889450215734,0.6962159966701554,0.1148461561135698
0.2925825148745099,0.2927207490124872,0.020773550490357593
0.37039269543827025,0.562265662780428,0.048662078027275034
0.7252420340112203,0.15006226330533612,0.026235885720366448
0.8881775030637237,0.4326307908047872,0.08574521597270099
0.12507062758446397,0.6692972985745201,0.02030912928514401
0.758582328767441,0.42278467327012775,0.07270730752244196
0.7806677569099338,0.6331843992741162,0.10713728713519895
0.18341852415690463,0.9674359524936768,0.041835026477636504
0.07487756921150719,0.6830648223096253,0.01253827496185689
0.47453562012764466,0.39162483308002616,0.04374296592640733
0.8993312069837938,0.1872525697200981,0.03988573877759246
0.8637163316709929,0.1847951614868486,0.03790942881891528
0.49902720977865295,0.695623914898594,0.07804398790908242
0.3877060904505522,0.15500025486566668,0.014699096967634852
0.41673868630886,0.6916197559832666,0.06585034357456292
0.6008222876407938,0.9586338310644201,0.12218555307246598
0.020879315572437558,0.9849849877499479,0.005090844908700398
0.8817110426993227,0.6632952669932004,0.12411524951676034
0.9641101552740211,0.1635881623222369,0.03749447403743112
0.10012216796719954,0.3949106472756698,0.009730893789003166
0.9208763962832354,0.27799521264490146,0.05914883039694756
0.711580410012602,0.7814660277720307,0.11856454442494418
0.8037555361996336,0.8437900452639759,0.1407081764347612
0.46703029958994274,0.5551143840748604,0.059729999205688625
0.045118085435066325,0.9416213625858931,0.010442764107352289
0.9853388582538046,0.018325819375109798,0.0044810919155138015
0.15359186582380677,0.8891839058918615,0.032601309929515786
0.8472027147169677,0.38975848334991353,0.07469761890273381
0.6783038291920284,0.23174012788381404,0.037332011511162715
0.58960761196184,0.5343942272533609,0.07149999468236802
0.9316964312235159,0.9446902786527568,0.17552165529280153
0.9419818704753363,0.2540409137926392,0.05556018954583985
0.2300798022375488,0.60414585456393,0.03316216156679717
0.9312983479925551,0.08373669468714318,0.018987939304335583
0.35022811610529125,0.9977636809229763,0.07849850762986212
0.2356443110823356,0.832346124500704,0.04599810484518867
0.9405615717558186,0.03677735766732482,0.008538862161843054
0.5472448251089405,0.5675398131484446,0.07055886286171997
0.694800587236113,0.6093401370451036,0.09336905756098315
0.9977300662113922,0.006926579514268227,0.0017210687644201705
0.07604499941682819,0.17908387391323455,0.0033798253134951343
0.9184293904995459,0.33839263309609363,0.07073812780550438
0.8888983236283661,0.6019168927797107,0.11498265102999256
0.8610679506619511,0.042285690553295674,0.008981031459576353
0.4514303477552701,0.33999794964160024,0.03648071786273781
0.9154450304774803,0.08169986416871246,0.018224833919711726
0.7218365277698819,0.9712389049798026,0.14449939274466783
0.7748255337130576,0.5887796436386907,0.09982099665156295
0.9472593907670162,0.5076770927409894,0.10491764156532686
0.06557738730394368,0.9807495308962646,0.015696970205495347
0.7027486503075959,0.37033127147123357,0.05998968034193179
0.03531634161965556,0.29182740316206723,0.0025605023867889534
0.8778173659104086,0.3013162515084041,0.06093251348636136
0.433518760803452,0.5998436159375025,0.05990455078546324
0.926128270486913,0.629514849064741,0.12397233143136327
0.3778301487273336,0.18213052102307392,0.016785125186923742
0.6888392095398922,0.7805982323565067,0.11520681886452834
0.7970082993785231,0.8968086787345559,0.14703575940418412
0.731418715784954,0.7045879546759028,0.11108156552271024
0.9965981273329804,0.08013843190247738,0.019469219576260726
0.7711735583554732,0.8056675785340206,0.1305368738236455
0.3608995603410233,0.4745672117057624,0.040477010216820944
0.577217425780673,0.7117085259526298,0.0908567968190405
0.3633076911947812,0.14347570106052632,0.012783532179461704
0.8755420697262267,0.17340274022894858,0.036127173807330465
0.10383108223720615,0.7690697063241299,0.019396640422539104
0.6642131045984677,0.38564899221738175,0.059112932206147106
0.6783583273467653,0.8235079742776445,0.1190862511800802
0.12843651718559682,0.9441999614382361,0.029079467410196215
0.9729969689581247,0.2100748930090834,0.04799409741917942
0.9214293772270052,0.6631780928648087,0.1291173817057604
0.6115785486713105,0.8960113086608171,0.11705264475544021
0.7172671576890164,0.47378688679641723,0.07664307715915773
0.8930822900791964,0.11715694941545259,0.02525881560242484
0.07192072187246458,0.07880772165597404,0.0014102200576725354
0.5272528132334618,0.9827875382541295,0.11145234928542633
0.995330980842562,0.06445594702461765,0.015699351087876214
0.5541605499826414,0.48948325017987077,0.06230096327854693
0.03600285846255187,0.4090067350838403,0.003652718294355221
0.2825879053975249,0.7651031831615323,0.05041406580705823
0.9928157924703297,0.07251445258539457,0.017571719516655683
